save_file = "positive_12-5_0.3.txt"
gen_nbr_vertices = 500
gen_density = 0.2
gen_proba_even = 0.1
gen_proba_min = 0.3
gen_positivity = True
nbr_points = 50

size 15 partial results
[1453, 1290, 1371, 1434, 1310, 1359, 1418, 1303, 1416, 1382, 1296, 1308, 1163, 1285, 1280, 1411, 1267, 1212, 1382, 1185]
[929, 750, 584, 1197, 793, 665, 873, 715, 1165, 894, 1036, 911, 944, 916, 868, 700, 1028, 981, 1303, 551]
[7376, 6739, 8385, 8927, 8313, 9324, 8929, 7768, 8219, 6846, 8039, 8222, 7823, 8507, 6816, 6968, 6982, 8026, 9277, 5723]
[235, 177, 125, 181, 134, 135, 143, 143, 203, 154, 193, 165, 168, 169, 161, 131, 194, 223, 191, 153]
[301, 246, 179, 251, 210, 178, 193, 209, 290, 243, 262, 243, 230, 239, 249, 181, 271, 288, 275, 204]
[1.96, 1.12, 0.44, 1.47, 0.5, 0.62, 0.74, 0.61, 1.58, 0.75, 1.6, 1.34, 0.68, 0.88, 0.76, 0.6, 1.03, 1.32, 1.12, 0.7]
[300, 245, 178, 250, 209, 177, 192, 208, 289, 242, 261, 242, 229, 238, 248, 180, 270, 287, 274, 203]
[0.01, 0.01, 0.01, 0.01, 0.01, 0.01, 0.01, 0.01, 0.01, 0.01, 0.02, 0.01, 0.01, 0.01, 0.01, 0.01, 0.01, 0.01, 0.01, 0.01]
[601, 491, 357, 501, 419, 355, 385, 417, 579, 485, 523, 485, 459, 477, 497, 361, 541, 575, 549, 407]
[1180.86, 554.79, 164.38, 739.47, 212.11, 211.07, 288.35, 272.56, 943.88, 369.76, 851.23, 650.81, 317.74, 427.25, 374.47, 218.61, 558.25, 765.85, 616.47, 308.12]
[1180.9, 554.77, 164.38, 739.47, 212.11, 211.06, 288.35, 272.56, 943.93, 369.77, 851.23, 650.81, 317.74, 427.25, 374.47, 218.61, 558.25, 765.88, 616.48, 308.35]
[1453, 1290, 1371, 1434, 1310, 1359, 1418, 1303, 1416, 1382, 1296, 1308, 1163, 1285, 1280, 1411, 1267, 1212, 1382, 1185]
[26845, 27319, 25754, 25275, 25765, 24803, 25257, 26303, 25965, 27304, 26025, 25854, 26108, 25546, 27232, 27211, 27053, 25954, 24873, 28230]
[0.0, 0.0, 0.0, 0.0, 0.0, 0.0, 0.0, 0.0, 0.0, 0.0, 0.0, 0.0, 0.0, 0.0, 0.0, 0.0, 0.0, 0.0, 0.0, 0.0]
[1453, 1290, 1371, 1434, 1310, 1359, 1418, 1303, 1416, 1382, 1296, 1308, 1163, 1285, 1280, 1411, 1267, 1212, 1382, 1185]
[0.0, 0.0, 0.0, 0.0, 0.0, 0.0, 0.0, 0.0, 0.0, 0.0, 0.0, 0.0, 0.0, 0.0, 0.0, 0.0, 0.0, 0.0, 0.0, 0.0]
[28298, 28609, 27125, 26709, 27075, 26162, 26675, 27606, 27381, 28686, 27321, 27162, 27271, 26831, 28512, 28622, 28320, 27166, 26255, 29415]
[59.04, 52.82, 52.7, 49.25, 49.64, 45.88, 46.66, 44.67, 60.08, 56.6, 57.34, 58.17, 56.27, 54.6, 48.91, 50.46, 49.32, 48.14, 47.6, 50.66]
[59.05, 52.82, 52.7, 49.25, 49.64, 45.88, 46.67, 44.67, 60.08, 56.6, 57.34, 58.17, 56.28, 54.6, 48.91, 50.46, 49.32, 48.15, 47.6, 50.73]


Size 14
Antichain sizes [864, 803, 875, 851, 808, 885, 801, 798, 818, 910, 718, 827, 861, 962, 848, 789, 877, 784, 856, 786, 932, 932, 857, 956, 902, 776, 755, 832, 771, 791, 805, 765, 911, 765, 791, 853, 775, 811, 812, 846, 893, 832, 820, 913, 853, 891, 896, 962, 867, 831]
Number of payoffs losing P0 [954, 662, 729, 1021, 860, 978, 704, 651, 626, 983, 488, 772, 608, 700, 721, 639, 625, 497, 775, 831, 709, 818, 879, 850, 834, 807, 568, 952, 537, 505, 745, 999, 585, 722, 702, 631, 799, 789, 649, 594, 799, 689, 995, 660, 409, 982, 610, 542, 799, 802]
Number of payoffs realizable [4946, 5410, 5381, 5756, 6212, 4475, 5202, 4593, 5211, 6335, 4682, 6134, 4911, 5044, 5331, 5121, 5497, 5459, 4337, 5208, 5247, 6216, 5080, 5016, 4476, 4794, 5781, 4992, 6227, 3818, 6281, 5906, 4629, 6385, 4709, 4616, 5135, 4497, 5842, 4926, 5575, 5469, 5051, 4764, 4106, 4798, 4894, 4523, 5563, 5143]
CE antichain sizes [129, 128, 105, 155, 138, 224, 127, 127, 144, 154, 113, 162, 128, 124, 115, 105, 122, 102, 179, 135, 157, 138, 139, 159, 137, 162, 123, 138, 102, 118, 122, 127, 115, 119, 137, 110, 118, 130, 102, 120, 158, 97, 168, 144, 117, 169, 141, 109, 119, 129]
CE exists calls [188, 191, 147, 243, 198, 302, 201, 166, 188, 205, 174, 226, 167, 188, 171, 158, 160, 153, 237, 195, 236, 201, 215, 243, 191, 225, 168, 184, 137, 175, 187, 206, 156, 167, 196, 161, 159, 188, 148, 171, 223, 164, 247, 206, 158, 239, 187, 159, 180, 174]
CE exists calls times [0.46, 0.48, 0.33, 0.66, 0.66, 1.32, 0.43, 0.4, 0.5, 0.66, 0.45, 0.72, 0.38, 0.4, 0.32, 0.3, 0.3, 0.36, 0.94, 0.54, 0.6, 0.53, 0.79, 0.77, 0.48, 0.73, 0.42, 0.52, 0.36, 0.41, 0.7, 0.44, 0.33, 0.44, 0.41, 0.29, 0.49, 0.51, 0.3, 0.38, 0.84, 0.21, 0.86, 0.43, 0.34, 0.77, 0.4, 0.28, 0.31, 0.26]
CE dominated calls [187, 190, 146, 242, 197, 301, 200, 165, 187, 204, 173, 225, 166, 187, 170, 157, 159, 152, 236, 194, 235, 200, 214, 242, 190, 224, 167, 183, 136, 174, 186, 205, 155, 166, 195, 160, 158, 187, 147, 170, 222, 163, 246, 205, 157, 238, 186, 158, 179, 173]
CE dominated calls times [0.01, 0.01, 0.01, 0.01, 0.01, 0.01, 0.01, 0.01, 0.01, 0.01, 0.01, 0.01, 0.01, 0.01, 0.01, 0.01, 0.01, 0.02, 0.01, 0.01, 0.01, 0.01, 0.01, 0.01, 0.01, 0.01, 0.01, 0.01, 0.01, 0.01, 0.01, 0.01, 0.01, 0.01, 0.01, 0.01, 0.01, 0.01, 0.01, 0.01, 0.01, 0.01, 0.01, 0.01, 0.01, 0.01, 0.01, 0.01, 0.01, 0.01]
CE total nbr calls [375, 381, 293, 485, 395, 603, 401, 331, 375, 409, 347, 451, 333, 375, 341, 315, 319, 305, 473, 389, 471, 401, 429, 485, 381, 449, 335, 367, 273, 349, 373, 411, 311, 333, 391, 321, 317, 375, 295, 341, 445, 327, 493, 411, 315, 477, 373, 317, 359, 347]
CE times process [178.11, 184.29, 100.15, 320.97, 254.81, 782.85, 176.53, 128.03, 190.22, 270.04, 159.59, 315.18, 127.84, 151.44, 109.88, 103.56, 105.24, 104.8, 451.68, 214.3, 271.63, 218.35, 351.0, 378.85, 178.54, 328.25, 143.76, 193.3, 99.98, 150.01, 263.54, 171.06, 105.97, 150.16, 162.37, 102.38, 162.07, 192.42, 89.78, 132.28, 378.67, 71.07, 433.27, 179.83, 110.99, 371.31, 154.04, 94.61, 117.33, 85.7]
CE times perf [178.11, 184.3, 100.15, 320.98, 254.82, 782.83, 176.53, 128.03, 190.22, 270.04, 159.6, 315.19, 127.84, 151.44, 109.88, 103.7, 105.26, 104.87, 451.7, 214.3, 271.64, 218.35, 351.0, 378.85, 178.54, 328.25, 143.76, 193.3, 99.98, 150.01, 263.54, 171.06, 105.97, 150.16, 162.38, 102.38, 162.08, 192.43, 89.78, 132.28, 378.68, 71.07, 433.27, 179.83, 110.99, 371.33, 154.04, 94.73, 117.34, 85.7]
CE times [178.11, 184.3, 100.15, 320.98, 254.82, 782.83, 176.53, 128.03, 190.22, 270.04, 159.6, 315.19, 127.84, 151.44, 109.88, 103.7, 105.26, 104.87, 451.7, 214.3, 271.64, 218.35, 351.0, 378.85, 178.54, 328.25, 143.76, 193.3, 99.98, 150.01, 263.54, 171.06, 105.97, 150.16, 162.38, 102.38, 162.08, 192.43, 89.78, 132.28, 378.68, 71.07, 433.27, 179.83, 110.99, 371.33, 154.04, 94.73, 117.34, 85.7]
DA antichain sizes [864, 803, 875, 851, 808, 885, 801, 798, 818, 910, 718, 827, 861, 962, 848, 789, 877, 784, 856, 786, 932, 932, 857, 956, 902, 776, 755, 832, 771, 791, 805, 765, 911, 765, 791, 853, 775, 811, 812, 846, 893, 832, 820, 913, 853, 891, 896, 962, 867, 831]
DA call1 calls [12302, 11777, 11878, 11479, 10980, 12794, 11983, 12589, 11991, 10959, 12420, 11077, 12334, 12302, 11901, 12052, 11764, 11709, 12903, 11962, 12069, 11100, 12161, 12324, 12810, 12366, 11358, 12224, 10928, 13357, 10908, 11243, 12666, 10764, 12466, 12621, 12024, 12698, 11354, 12304, 11702, 11747, 12153, 12533, 13131, 12477, 12386, 12823, 11688, 12072]
DA call1 calls times [0.0, 0.0, 0.0, 0.0, 0.0, 0.0, 0.0, 0.0, 0.0, 0.0, 0.0, 0.0, 0.0, 0.0, 0.0, 0.0, 0.0, 0.0, 0.0, 0.0, 0.0, 0.0, 0.0, 0.0, 0.0, 0.0, 0.0, 0.0, 0.0, 0.0, 0.0, 0.0, 0.0, 0.0, 0.0, 0.0, 0.0, 0.0, 0.0, 0.0, 0.0, 0.0, 0.0, 0.0, 0.0, 0.0, 0.0, 0.0, 0.0, 0.0]
DA call2 calls [864, 803, 875, 851, 808, 885, 801, 798, 818, 910, 718, 827, 861, 962, 848, 789, 877, 784, 856, 786, 932, 932, 857, 956, 902, 776, 755, 832, 771, 791, 805, 765, 911, 765, 791, 853, 775, 811, 812, 846, 893, 832, 820, 913, 853, 891, 896, 962, 867, 831]
DA call2 calls times [0.0, 0.0, 0.0, 0.0, 0.0, 0.0, 0.0, 0.0, 0.0, 0.0, 0.0, 0.0, 0.0, 0.0, 0.0, 0.0, 0.0, 0.0, 0.0, 0.0, 0.0, 0.0, 0.0, 0.0, 0.0, 0.0, 0.0, 0.0, 0.0, 0.0, 0.0, 0.0, 0.0, 0.0, 0.0, 0.0, 0.0, 0.0, 0.0, 0.0, 0.0, 0.0, 0.0, 0.0, 0.0, 0.0, 0.0, 0.0, 0.0, 0.0]
DA total nbr calls [13166, 12580, 12753, 12330, 11788, 13679, 12784, 13387, 12809, 11869, 13138, 11904, 13195, 13264, 12749, 12841, 12641, 12493, 13759, 12748, 13001, 12032, 13018, 13280, 13712, 13142, 12113, 13056, 11699, 14148, 11713, 12008, 13577, 11529, 13257, 13474, 12799, 13509, 12166, 13150, 12595, 12579, 12973, 13446, 13984, 13368, 13282, 13785, 12555, 12903]
DA times process [26.1, 24.36, 24.19, 24.53, 22.17, 23.54, 22.49, 22.07, 21.73, 20.11, 21.86, 19.78, 20.58, 21.19, 18.71, 18.7, 23.6, 23.23, 26.28, 25.14, 24.58, 22.79, 26.48, 26.6, 25.03, 24.76, 22.71, 24.84, 23.81, 25.49, 22.73, 20.79, 21.97, 20.46, 21.8, 28.56, 21.49, 22.17, 21.02, 20.89, 20.65, 20.41, 20.72, 21.38, 21.67, 21.07, 23.71, 23.05, 21.92, 19.73]
DA times perf [26.1, 24.36, 24.19, 24.53, 22.17, 23.54, 22.49, 22.07, 21.73, 20.11, 21.86, 19.78, 20.58, 21.19, 18.71, 18.7, 23.6, 23.23, 26.28, 25.14, 24.58, 22.79, 26.48, 26.6, 25.03, 24.76, 22.71, 24.84, 23.81, 25.49, 22.73, 20.79, 21.97, 20.46, 21.8, 28.56, 21.49, 22.17, 21.02, 20.89, 20.65, 20.41, 20.72, 21.38, 21.67, 21.07, 23.71, 23.05, 21.92, 19.73]
DA times [26.1, 24.36, 24.19, 24.53, 22.17, 23.54, 22.49, 22.07, 21.73, 20.11, 21.86, 19.78, 20.58, 21.19, 18.71, 18.7, 23.6, 23.23, 26.28, 25.14, 24.58, 22.79, 26.48, 26.6, 25.03, 24.76, 22.71, 24.84, 23.81, 25.49, 22.73, 20.79, 21.97, 20.46, 21.8, 28.56, 21.49, 22.17, 21.02, 20.89, 20.65, 20.41, 20.72, 21.38, 21.67, 21.07, 23.71, 23.05, 21.92, 19.73]

205.44, 205.45, 205.45
22.67, 22.67, 22.67
Mean Antichain Size 842.34
Number Losing Payoffs 735.70
Number Realizable Payoffs 5194.08
CE mean antichain size 132.80
CE nbr exists calls 190.18
CE mean exists time 0.50
CE nbr dominated calls 189.18
CE mean dominated time 0.01
CE total nbr calls 379.36
DA mean antichain size 842.34
DA nbr call1 calls 12032.26
DA mean call1 time 0.00
DA nbr call2 calls 842.34
DA mean call2 time 0.00
DA total nbr calls 12874.60

Size 13
Antichain sizes [475, 519, 539, 460, 481, 515, 551, 544, 499, 498, 503, 527, 436, 533, 502, 503, 501, 497, 484, 491, 508, 539, 453, 517, 502, 570, 504, 444, 484, 442, 509, 497, 555, 472, 505, 565, 535, 595, 518, 476, 520, 441, 576, 499, 444, 448, 429, 447, 534, 493]
Number of payoffs losing P0 [560, 511, 871, 712, 433, 480, 708, 397, 645, 530, 605, 398, 434, 614, 356, 769, 401, 664, 420, 581, 568, 510, 707, 580, 677, 540, 434, 406, 495, 395, 736, 406, 767, 451, 491, 467, 421, 592, 777, 675, 695, 427, 506, 611, 602, 731, 385, 386, 685, 612]
Number of payoffs realizable [3222, 2692, 3502, 3734, 3383, 3179, 3025, 3728, 3397, 3102, 3114, 3059, 2651, 3637, 3120, 3693, 2493, 2852, 3370, 3181, 3395, 2962, 3263, 3252, 3616, 3277, 2808, 3735, 2998, 4313, 3321, 2849, 3583, 2921, 2828, 3233, 2967, 3383, 3338, 3571, 3495, 3958, 3082, 2963, 3677, 3623, 3236, 3467, 3153, 3391]
CE antichain sizes [110, 103, 130, 94, 86, 108, 154, 79, 99, 97, 114, 76, 118, 102, 84, 92, 95, 97, 99, 101, 84, 95, 113, 91, 120, 113, 100, 60, 117, 67, 130, 85, 109, 101, 114, 103, 91, 109, 119, 103, 113, 83, 103, 113, 93, 127, 78, 79, 123, 80]
CE exists calls [156, 152, 208, 138, 125, 163, 219, 125, 147, 136, 180, 111, 171, 149, 129, 142, 122, 140, 151, 142, 150, 124, 167, 138, 185, 163, 155, 97, 172, 99, 198, 115, 160, 133, 164, 149, 128, 179, 154, 168, 176, 126, 163, 159, 127, 183, 117, 123, 161, 132]
CE exists calls times [0.28, 0.25, 0.28, 0.2, 0.18, 0.21, 0.53, 0.18, 0.27, 0.16, 0.26, 0.16, 0.3, 0.21, 0.17, 0.15, 0.26, 0.19, 0.17, 0.24, 0.11, 0.18, 0.2, 0.21, 0.32, 0.27, 0.17, 0.09, 0.25, 0.13, 0.31, 0.17, 0.24, 0.19, 0.22, 0.21, 0.18, 0.19, 0.23, 0.26, 0.18, 0.12, 0.15, 0.33, 0.16, 0.27, 0.14, 0.1, 0.27, 0.18]
CE dominated calls [155, 151, 207, 137, 124, 162, 218, 124, 146, 135, 179, 110, 170, 148, 128, 141, 121, 139, 150, 141, 149, 123, 166, 137, 184, 162, 154, 96, 171, 98, 197, 114, 159, 132, 163, 148, 127, 178, 153, 167, 175, 125, 162, 158, 126, 182, 116, 122, 160, 131]
CE dominated calls times [0.01, 0.01, 0.01, 0.01, 0.01, 0.01, 0.01, 0.01, 0.01, 0.01, 0.01, 0.01, 0.01, 0.01, 0.01, 0.01, 0.01, 0.01, 0.01, 0.01, 0.01, 0.01, 0.01, 0.01, 0.01, 0.01, 0.01, 0.01, 0.01, 0.01, 0.01, 0.01, 0.01, 0.01, 0.01, 0.01, 0.01, 0.01, 0.01, 0.01, 0.01, 0.01, 0.01, 0.01, 0.01, 0.01, 0.01, 0.01, 0.01, 0.01]
CE total nbr calls [311, 303, 415, 275, 249, 325, 437, 249, 293, 271, 359, 221, 341, 297, 257, 283, 243, 279, 301, 283, 299, 247, 333, 275, 369, 325, 309, 193, 343, 197, 395, 229, 319, 265, 327, 297, 255, 357, 307, 335, 351, 251, 325, 317, 253, 365, 233, 245, 321, 263]
CE times process [85.99, 79.88, 123.25, 60.5, 48.18, 70.5, 236.25, 46.6, 83.43, 47.19, 98.84, 38.3, 106.27, 68.7, 45.36, 45.5, 69.09, 56.3, 55.43, 72.52, 35.68, 47.7, 71.2, 61.17, 115.4, 92.14, 54.33, 19.23, 89.17, 27.14, 124.47, 40.67, 78.19, 53.27, 75.97, 63.41, 48.5, 73.87, 74.74, 88.11, 67.95, 32.21, 51.55, 108.63, 41.95, 100.58, 33.69, 26.0, 96.85, 50.17]
CE times perf [85.99, 79.88, 123.26, 60.5, 48.18, 70.5, 236.26, 46.6, 83.44, 47.19, 98.84, 38.3, 106.27, 68.7, 45.36, 45.5, 69.08, 56.3, 55.42, 72.52, 35.68, 47.7, 71.2, 61.17, 115.39, 92.14, 54.33, 19.23, 89.17, 27.14, 124.47, 40.67, 78.19, 53.28, 75.97, 63.41, 48.5, 73.87, 75.15, 88.11, 67.95, 32.21, 51.55, 108.63, 41.95, 100.6, 33.7, 26.0, 96.92, 50.27]
CE times [85.99, 79.88, 123.26, 60.5, 48.18, 70.5, 236.26, 46.6, 83.44, 47.19, 98.84, 38.3, 106.27, 68.7, 45.36, 45.5, 69.08, 56.3, 55.42, 72.52, 35.68, 47.7, 71.2, 61.17, 115.39, 92.14, 54.33, 19.23, 89.17, 27.14, 124.47, 40.67, 78.19, 53.28, 75.97, 63.41, 48.5, 73.87, 75.15, 88.11, 67.95, 32.21, 51.55, 108.63, 41.95, 100.6, 33.7, 26.0, 96.92, 50.27]
DA antichain sizes [475, 519, 539, 460, 481, 515, 551, 544, 499, 498, 503, 527, 436, 533, 502, 503, 501, 497, 484, 491, 508, 539, 453, 517, 502, 570, 504, 444, 484, 442, 509, 497, 555, 472, 505, 565, 535, 595, 518, 476, 520, 441, 576, 499, 444, 448, 429, 447, 534, 493]
DA call1 calls [5445, 6019, 5229, 4918, 5290, 5528, 5718, 5008, 5294, 5588, 5581, 5660, 5977, 5088, 5574, 5002, 6200, 5837, 5306, 5502, 5305, 5769, 5382, 5457, 5078, 5485, 5888, 4901, 5678, 4321, 5380, 5840, 5164, 5743, 5869, 5524, 5760, 5404, 5372, 5097, 5217, 4675, 5686, 5728, 4959, 5017, 5385, 5172, 5573, 5294]
DA call1 calls times [0.0, 0.0, 0.0, 0.0, 0.0, 0.0, 0.0, 0.0, 0.0, 0.0, 0.0, 0.0, 0.0, 0.0, 0.0, 0.0, 0.0, 0.0, 0.0, 0.0, 0.0, 0.0, 0.0, 0.0, 0.0, 0.0, 0.0, 0.0, 0.0, 0.0, 0.0, 0.0, 0.0, 0.0, 0.0, 0.0, 0.0, 0.0, 0.0, 0.0, 0.0, 0.0, 0.0, 0.0, 0.0, 0.0, 0.0, 0.0, 0.0, 0.0]
DA call2 calls [475, 519, 539, 460, 481, 515, 551, 544, 499, 498, 503, 527, 436, 533, 502, 503, 501, 497, 484, 491, 508, 539, 453, 517, 502, 570, 504, 444, 484, 442, 509, 497, 555, 472, 505, 565, 535, 595, 518, 476, 520, 441, 576, 499, 444, 448, 429, 447, 534, 493]
DA call2 calls times [0.0, 0.0, 0.0, 0.0, 0.0, 0.0, 0.0, 0.0, 0.0, 0.0, 0.0, 0.0, 0.0, 0.0, 0.0, 0.0, 0.0, 0.0, 0.0, 0.0, 0.0, 0.0, 0.0, 0.0, 0.0, 0.0, 0.0, 0.0, 0.0, 0.0, 0.0, 0.0, 0.0, 0.0, 0.0, 0.0, 0.0, 0.0, 0.0, 0.0, 0.0, 0.0, 0.0, 0.0, 0.0, 0.0, 0.0, 0.0, 0.0, 0.0]
DA total nbr calls [5920, 6538, 5768, 5378, 5771, 6043, 6269, 5552, 5793, 6086, 6084, 6187, 6413, 5621, 6076, 5505, 6701, 6334, 5790, 5993, 5813, 6308, 5835, 5974, 5580, 6055, 6392, 5345, 6162, 4763, 5889, 6337, 5719, 6215, 6374, 6089, 6295, 5999, 5890, 5573, 5737, 5116, 6262, 6227, 5403, 5465, 5814, 5619, 6107, 5787]
DA times process [10.66, 11.63, 10.44, 10.01, 10.5, 10.83, 11.4, 10.09, 10.46, 11.61, 11.67, 10.79, 11.25, 9.75, 10.45, 9.37, 11.37, 11.09, 9.48, 9.86, 9.51, 10.45, 9.58, 9.81, 9.07, 9.46, 9.88, 8.48, 9.45, 7.54, 9.32, 9.73, 8.86, 9.64, 9.79, 9.39, 9.71, 9.29, 9.16, 8.19, 8.82, 7.66, 9.09, 9.19, 7.48, 7.54, 8.55, 7.83, 9.91, 11.31]
DA times perf [10.66, 11.63, 10.44, 10.01, 10.5, 10.83, 11.4, 10.09, 10.46, 11.61, 11.67, 10.79, 11.25, 9.75, 10.45, 9.37, 11.37, 11.09, 9.48, 9.86, 9.51, 10.45, 9.58, 9.81, 9.07, 9.46, 9.88, 8.48, 9.45, 7.53, 9.32, 9.73, 8.86, 9.64, 9.79, 9.39, 9.71, 9.29, 9.23, 8.19, 8.82, 7.66, 9.09, 9.2, 7.49, 7.54, 8.55, 7.83, 9.91, 11.31]
DA times [10.66, 11.63, 10.44, 10.01, 10.5, 10.83, 11.4, 10.09, 10.46, 11.61, 11.67, 10.79, 11.25, 9.75, 10.45, 9.37, 11.37, 11.09, 9.48, 9.86, 9.51, 10.45, 9.58, 9.81, 9.07, 9.46, 9.88, 8.48, 9.45, 7.53, 9.32, 9.73, 8.86, 9.64, 9.79, 9.39, 9.71, 9.29, 9.23, 8.19, 8.82, 7.66, 9.09, 9.2, 7.49, 7.54, 8.55, 7.83, 9.91, 11.31]

69.64, 69.65, 69.65
9.73, 9.73, 9.73
Mean Antichain Size 501.58
Number Losing Payoffs 556.48
Number Realizable Payoffs 3275.84
CE mean antichain size 101.08
CE nbr exists calls 149.42
CE mean exists time 0.21
CE nbr dominated calls 148.42
CE mean dominated time 0.01
CE total nbr calls 297.84
DA mean antichain size 501.58
DA nbr call1 calls 5417.74
DA mean call1 time 0.00
DA nbr call2 calls 501.58
DA mean call2 time 0.00
DA total nbr calls 5919.32



Size 12
Antichain sizes [288, 348, 286, 331, 289, 286, 287, 279, 272, 330, 317, 333, 320, 293, 251, 339, 321, 325, 321, 358, 301, 301, 366, 324, 291, 270, 300, 345, 297, 255, 325, 232, 301, 328, 300, 289, 271, 261, 287, 282, 272, 337, 341, 300, 308, 302, 271, 285, 313, 301]
Number of payoffs losing P0 [430, 544, 426, 466, 425, 312, 543, 424, 402, 286, 397, 347, 337, 451, 277, 430, 502, 414, 341, 607, 436, 400, 512, 391, 427, 318, 374, 406, 391, 465, 401, 435, 459, 520, 373, 422, 517, 388, 459, 369, 402, 414, 342, 355, 393, 482, 462, 644, 298, 413]
Number of payoffs realizable [2126, 2236, 1883, 1982, 2065, 1917, 2167, 2128, 2150, 1839, 2144, 2177, 1826, 2244, 2190, 2047, 1894, 1989, 2269, 2212, 2070, 2035, 2006, 2044, 2315, 1831, 2095, 2263, 2246, 2231, 1911, 2551, 1883, 2201, 1798, 2203, 2321, 2122, 2296, 2160, 2014, 1886, 2137, 2126, 2206, 2224, 2218, 2011, 1912, 1798]
CE antichain sizes [75, 88, 78, 87, 80, 73, 76, 56, 84, 61, 70, 69, 61, 74, 63, 77, 102, 90, 62, 100, 71, 67, 107, 67, 82, 63, 69, 64, 69, 78, 73, 82, 90, 77, 58, 79, 74, 67, 82, 54, 44, 77, 68, 56, 71, 62, 59, 69, 68, 80]
CE exists calls [124, 125, 118, 141, 120, 107, 131, 89, 130, 92, 116, 116, 105, 101, 101, 119, 150, 142, 100, 161, 126, 92, 152, 108, 128, 103, 105, 97, 96, 119, 109, 129, 140, 125, 84, 125, 105, 105, 121, 92, 75, 110, 102, 83, 106, 94, 104, 107, 106, 119]
CE exists calls times [0.14, 0.16, 0.12, 0.14, 0.1, 0.12, 0.09, 0.08, 0.11, 0.06, 0.12, 0.07, 0.05, 0.11, 0.08, 0.11, 0.11, 0.14, 0.09, 0.14, 0.06, 0.06, 0.18, 0.14, 0.14, 0.07, 0.08, 0.09, 0.1, 0.13, 0.1, 0.13, 0.1, 0.08, 0.07, 0.11, 0.12, 0.11, 0.17, 0.06, 0.05, 0.11, 0.11, 0.08, 0.09, 0.11, 0.07, 0.08, 0.06, 0.1]
CE dominated calls [123, 124, 117, 140, 119, 106, 130, 88, 129, 91, 115, 115, 104, 100, 100, 118, 149, 141, 99, 160, 125, 91, 151, 107, 127, 102, 104, 96, 95, 118, 108, 128, 139, 124, 83, 124, 104, 104, 120, 91, 74, 109, 101, 82, 105, 93, 103, 106, 105, 118]
CE dominated calls times [0.01, 0.01, 0.01, 0.01, 0.01, 0.01, 0.01, 0.01, 0.01, 0.01, 0.01, 0.01, 0.01, 0.01, 0.01, 0.01, 0.01, 0.01, 0.01, 0.01, 0.01, 0.01, 0.01, 0.01, 0.01, 0.01, 0.01, 0.01, 0.01, 0.01, 0.01, 0.01, 0.01, 0.01, 0.01, 0.01, 0.01, 0.01, 0.01, 0.01, 0.01, 0.01, 0.01, 0.01, 0.01, 0.01, 0.01, 0.01, 0.01, 0.01]
CE total nbr calls [247, 249, 235, 281, 239, 213, 261, 177, 259, 183, 231, 231, 209, 201, 201, 237, 299, 283, 199, 321, 251, 183, 303, 215, 255, 205, 209, 193, 191, 237, 217, 257, 279, 249, 167, 249, 209, 209, 241, 183, 149, 219, 203, 165, 211, 187, 207, 213, 211, 237]
CE times process [37.07, 42.22, 31.34, 42.19, 25.57, 26.92, 26.52, 15.43, 33.48, 12.49, 30.02, 18.47, 13.03, 24.55, 17.65, 29.01, 36.02, 41.55, 19.29, 47.46, 17.43, 13.19, 56.49, 32.93, 37.4, 17.33, 18.08, 17.98, 21.33, 32.89, 24.12, 37.08, 29.5, 22.17, 13.29, 29.69, 26.67, 24.3, 42.75, 13.39, 8.95, 25.51, 23.75, 13.95, 21.74, 22.35, 16.53, 18.53, 14.59, 26.33]
CE times perf [37.07, 42.22, 31.34, 42.19, 25.57, 26.92, 26.52, 15.43, 33.49, 12.49, 30.03, 18.47, 13.03, 24.55, 17.65, 29.01, 36.02, 41.55, 19.29, 47.46, 17.43, 13.19, 56.49, 32.93, 37.4, 17.33, 18.08, 17.98, 21.33, 32.89, 24.12, 37.08, 29.5, 22.17, 13.29, 29.69, 26.68, 24.3, 42.75, 13.39, 8.94, 25.51, 23.74, 13.95, 21.73, 22.34, 16.53, 18.53, 14.59, 26.32]
CE times [37.07, 42.22, 31.34, 42.19, 25.57, 26.92, 26.52, 15.43, 33.49, 12.49, 30.03, 18.47, 13.03, 24.55, 17.65, 29.01, 36.02, 41.55, 19.29, 47.46, 17.43, 13.19, 56.49, 32.93, 37.4, 17.33, 18.08, 17.98, 21.33, 32.89, 24.12, 37.08, 29.5, 22.17, 13.29, 29.69, 26.68, 24.3, 42.75, 13.39, 8.94, 25.51, 23.74, 13.95, 21.73, 22.34, 16.53, 18.53, 14.59, 26.32]
DA antichain sizes [288, 348, 286, 331, 289, 286, 287, 279, 272, 330, 317, 333, 320, 293, 251, 339, 321, 325, 321, 358, 301, 301, 366, 324, 291, 270, 300, 345, 297, 255, 325, 232, 301, 328, 300, 289, 271, 261, 287, 282, 272, 337, 341, 300, 308, 302, 271, 285, 313, 301]
DA call1 calls [2258, 2208, 2499, 2445, 2320, 2465, 2216, 2247, 2218, 2587, 2269, 2252, 2590, 2145, 2157, 2388, 2523, 2432, 2148, 2242, 2327, 2362, 2456, 2376, 2072, 2535, 2301, 2178, 2147, 2120, 2510, 1777, 2514, 2223, 2598, 2182, 2046, 2235, 2087, 2218, 2354, 2547, 2300, 2270, 2198, 2174, 2149, 2370, 2497, 2599]
DA call1 calls times [0.0, 0.0, 0.0, 0.0, 0.0, 0.0, 0.0, 0.0, 0.0, 0.0, 0.0, 0.0, 0.0, 0.0, 0.0, 0.0, 0.0, 0.0, 0.0, 0.0, 0.0, 0.0, 0.0, 0.0, 0.0, 0.0, 0.0, 0.0, 0.0, 0.0, 0.0, 0.0, 0.0, 0.0, 0.0, 0.0, 0.0, 0.0, 0.0, 0.0, 0.0, 0.0, 0.0, 0.0, 0.0, 0.0, 0.0, 0.0, 0.0, 0.0]
DA call2 calls [288, 348, 286, 331, 289, 286, 287, 279, 272, 330, 317, 333, 320, 293, 251, 339, 321, 325, 321, 358, 301, 301, 366, 324, 291, 270, 300, 345, 297, 255, 325, 232, 301, 328, 300, 289, 271, 261, 287, 282, 272, 337, 341, 300, 308, 302, 271, 285, 313, 301]
DA call2 calls times [0.0, 0.0, 0.0, 0.0, 0.0, 0.0, 0.0, 0.0, 0.0, 0.0, 0.0, 0.0, 0.0, 0.0, 0.0, 0.0, 0.0, 0.0, 0.0, 0.0, 0.0, 0.0, 0.0, 0.0, 0.0, 0.0, 0.0, 0.0, 0.0, 0.0, 0.0, 0.0, 0.0, 0.0, 0.0, 0.0, 0.0, 0.0, 0.0, 0.0, 0.0, 0.0, 0.0, 0.0, 0.0, 0.0, 0.0, 0.0, 0.0, 0.0]
DA total nbr calls [2546, 2556, 2785, 2776, 2609, 2751, 2503, 2526, 2490, 2917, 2586, 2585, 2910, 2438, 2408, 2727, 2844, 2757, 2469, 2600, 2628, 2663, 2822, 2700, 2363, 2805, 2601, 2523, 2444, 2375, 2835, 2009, 2815, 2551, 2898, 2471, 2317, 2496, 2374, 2500, 2626, 2884, 2641, 2570, 2506, 2476, 2420, 2655, 2810, 2900]
DA times process [4.35, 4.26, 4.79, 4.69, 4.38, 4.67, 4.28, 4.32, 4.58, 4.86, 4.34, 4.33, 4.87, 4.11, 4.07, 4.58, 4.86, 4.63, 4.06, 4.27, 4.35, 4.48, 4.69, 4.52, 3.98, 4.78, 4.62, 4.16, 4.11, 4.05, 4.85, 3.32, 4.6, 4.13, 4.64, 3.99, 3.66, 4.1, 3.76, 4.15, 4.31, 4.72, 4.29, 4.11, 4.02, 4.04, 4.05, 4.36, 4.74, 4.66]
DA times perf [4.35, 4.26, 4.79, 4.69, 4.38, 4.67, 4.28, 4.32, 4.58, 4.86, 4.34, 4.33, 4.87, 4.11, 4.07, 4.58, 4.86, 4.63, 4.06, 4.27, 4.35, 4.48, 4.69, 4.52, 3.99, 4.78, 4.62, 4.16, 4.11, 4.05, 4.85, 3.32, 4.6, 4.13, 4.64, 3.99, 3.66, 4.1, 3.77, 4.15, 4.31, 4.72, 4.29, 4.11, 4.02, 4.04, 4.05, 4.36, 4.74, 4.66]
DA times [4.35, 4.26, 4.79, 4.69, 4.38, 4.67, 4.28, 4.32, 4.58, 4.86, 4.34, 4.33, 4.87, 4.11, 4.07, 4.58, 4.86, 4.63, 4.06, 4.27, 4.35, 4.48, 4.69, 4.52, 3.99, 4.78, 4.62, 4.16, 4.11, 4.05, 4.85, 3.32, 4.6, 4.13, 4.64, 3.99, 3.66, 4.1, 3.77, 4.15, 4.31, 4.72, 4.29, 4.11, 4.02, 4.04, 4.05, 4.36, 4.74, 4.66]

25.81, 25.81, 25.81
4.35, 4.35, 4.35
Mean Antichain Size 302.60
Number Losing Payoffs 420.58
Number Realizable Payoffs 2091.98
CE mean antichain size 73.06
CE nbr exists calls 113.10
CE mean exists time 0.10
CE nbr dominated calls 112.10
CE mean dominated time 0.01
CE total nbr calls 225.20
DA mean antichain size 302.60
DA nbr call1 calls 2306.62
DA mean call1 time 0.00
DA nbr call2 calls 302.60
DA mean call2 time 0.00
DA total nbr calls 2609.22



Size 11
Antichain sizes [151, 162, 201, 181, 183, 187, 128, 139, 191, 192, 182, 157, 184, 178, 189, 208, 180, 165, 164, 192, 175, 186, 167, 167, 179, 131, 162, 153, 200, 168, 184, 199, 143, 166, 162, 170, 144, 175, 169, 205, 142, 133, 197, 174, 150, 185, 155, 157, 167, 157]
Number of payoffs losing P0 [341, 231, 344, 309, 349, 334, 306, 412, 249, 269, 198, 281, 318, 227, 359, 315, 331, 302, 369, 237, 405, 325, 300, 292, 324, 224, 345, 348, 326, 249, 321, 182, 386, 310, 280, 322, 336, 196, 310, 251, 278, 374, 317, 324, 234, 332, 333, 300, 378, 163]
Number of payoffs realizable [1254, 1144, 1260, 1102, 1219, 1256, 1287, 1294, 1081, 1151, 1236, 1379, 1272, 1302, 1215, 1254, 1299, 1180, 1311, 1171, 1350, 1271, 1209, 1256, 1263, 1344, 1354, 1331, 1203, 1209, 1262, 1197, 1281, 1120, 1250, 1215, 1437, 1112, 1214, 1102, 1255, 1367, 1220, 1186, 1234, 1195, 1358, 1196, 1279, 1258]
CE antichain sizes [51, 44, 58, 62, 63, 68, 61, 53, 50, 59, 42, 48, 51, 41, 60, 49, 55, 54, 46, 46, 58, 61, 42, 56, 47, 44, 44, 50, 51, 49, 70, 37, 59, 67, 42, 42, 46, 38, 55, 49, 46, 41, 72, 58, 42, 46, 65, 54, 48, 43]
CE exists calls [73, 76, 87, 86, 110, 95, 84, 87, 85, 87, 61, 81, 93, 76, 101, 96, 96, 86, 88, 76, 104, 99, 65, 80, 72, 73, 71, 85, 97, 72, 103, 60, 84, 100, 62, 72, 70, 61, 95, 77, 82, 70, 122, 100, 72, 72, 109, 83, 76, 54]
CE exists calls times [0.05, 0.03, 0.06, 0.06, 0.05, 0.07, 0.06, 0.05, 0.04, 0.04, 0.03, 0.03, 0.03, 0.03, 0.04, 0.03, 0.04, 0.05, 0.04, 0.03, 0.03, 0.04, 0.03, 0.04, 0.03, 0.03, 0.02, 0.03, 0.05, 0.03, 0.06, 0.02, 0.05, 0.05, 0.03, 0.03, 0.04, 0.02, 0.05, 0.04, 0.03, 0.03, 0.06, 0.05, 0.03, 0.03, 0.06, 0.04, 0.03, 0.03]
CE dominated calls [72, 75, 86, 85, 109, 94, 83, 86, 84, 86, 60, 80, 92, 75, 100, 95, 95, 85, 87, 75, 103, 98, 64, 79, 71, 72, 70, 84, 96, 71, 102, 59, 83, 99, 61, 71, 69, 60, 94, 76, 81, 69, 121, 99, 71, 71, 108, 82, 75, 53]
CE dominated calls times [0.01, 0.01, 0.01, 0.01, 0.01, 0.01, 0.01, 0.01, 0.01, 0.01, 0.01, 0.01, 0.01, 0.01, 0.01, 0.01, 0.01, 0.01, 0.01, 0.01, 0.01, 0.01, 0.01, 0.01, 0.01, 0.01, 0.01, 0.01, 0.01, 0.01, 0.01, 0.01, 0.01, 0.01, 0.01, 0.01, 0.01, 0.01, 0.01, 0.01, 0.01, 0.01, 0.01, 0.01, 0.01, 0.01, 0.01, 0.01, 0.01, 0.01]
CE total nbr calls [145, 151, 173, 171, 219, 189, 167, 173, 169, 173, 121, 161, 185, 151, 201, 191, 191, 171, 175, 151, 207, 197, 129, 159, 143, 145, 141, 169, 193, 143, 205, 119, 167, 199, 123, 143, 139, 121, 189, 153, 163, 139, 243, 199, 143, 143, 217, 165, 151, 107]
CE times process [8.62, 6.32, 12.65, 12.11, 13.6, 14.11, 11.42, 9.82, 7.69, 7.9, 4.12, 6.6, 7.36, 5.97, 10.42, 7.24, 8.32, 9.94, 7.55, 5.71, 8.39, 9.71, 5.13, 8.54, 5.34, 4.83, 4.58, 6.17, 10.96, 5.71, 13.26, 3.23, 9.21, 12.27, 4.79, 6.0, 6.22, 3.91, 10.39, 6.96, 6.7, 5.41, 17.26, 11.17, 4.99, 5.95, 14.5, 8.29, 6.47, 4.47]
CE times perf [8.62, 6.32, 12.65, 12.11, 13.6, 14.11, 11.42, 9.81, 7.69, 7.9, 4.12, 6.6, 7.36, 5.97, 10.42, 7.24, 8.32, 9.94, 7.55, 5.71, 8.39, 9.71, 5.13, 8.54, 5.34, 4.83, 4.58, 6.17, 10.96, 5.71, 13.26, 3.23, 9.21, 12.27, 4.79, 6.0, 6.22, 3.91, 10.39, 6.96, 6.7, 5.41, 17.26, 11.17, 4.99, 5.95, 14.5, 8.29, 6.5, 4.51]
CE times [8.62, 6.32, 12.65, 12.11, 13.6, 14.11, 11.42, 9.81, 7.69, 7.9, 4.12, 6.6, 7.36, 5.97, 10.42, 7.24, 8.32, 9.94, 7.55, 5.71, 8.39, 9.71, 5.13, 8.54, 5.34, 4.83, 4.58, 6.17, 10.96, 5.71, 13.26, 3.23, 9.21, 12.27, 4.79, 6.0, 6.22, 3.91, 10.39, 6.96, 6.7, 5.41, 17.26, 11.17, 4.99, 5.95, 14.5, 8.29, 6.5, 4.51]
DA antichain sizes [151, 162, 201, 181, 183, 187, 128, 139, 191, 192, 182, 157, 184, 178, 189, 208, 180, 165, 164, 192, 175, 186, 167, 167, 179, 131, 162, 153, 200, 168, 184, 199, 143, 166, 162, 170, 144, 175, 169, 205, 142, 133, 197, 174, 150, 185, 155, 157, 167, 157]
DA call1 calls [945, 1066, 989, 1127, 1012, 979, 889, 893, 1158, 1089, 994, 826, 960, 924, 1022, 1002, 929, 1033, 901, 1069, 873, 963, 1006, 959, 964, 835, 856, 870, 1045, 1007, 970, 1050, 910, 1094, 960, 1003, 755, 1111, 1003, 1151, 935, 814, 1025, 1036, 964, 1038, 845, 1009, 936, 947]
DA call1 calls times [0.0, 0.0, 0.0, 0.0, 0.0, 0.0, 0.0, 0.0, 0.0, 0.0, 0.0, 0.0, 0.0, 0.0, 0.0, 0.0, 0.0, 0.0, 0.0, 0.0, 0.0, 0.0, 0.0, 0.0, 0.0, 0.0, 0.0, 0.0, 0.0, 0.0, 0.0, 0.0, 0.0, 0.0, 0.0, 0.0, 0.0, 0.0, 0.0, 0.0, 0.0, 0.0, 0.0, 0.0, 0.0, 0.0, 0.0, 0.0, 0.0, 0.0]
DA call2 calls [151, 162, 201, 181, 183, 187, 128, 139, 191, 192, 182, 157, 184, 178, 189, 208, 180, 165, 164, 192, 175, 186, 167, 167, 179, 131, 162, 153, 200, 168, 184, 199, 143, 166, 162, 170, 144, 175, 169, 205, 142, 133, 197, 174, 150, 185, 155, 157, 167, 157]
DA call2 calls times [0.0, 0.0, 0.0, 0.0, 0.0, 0.0, 0.0, 0.0, 0.0, 0.0, 0.0, 0.0, 0.0, 0.0, 0.0, 0.0, 0.0, 0.0, 0.0, 0.0, 0.0, 0.0, 0.0, 0.0, 0.0, 0.0, 0.0, 0.0, 0.0, 0.0, 0.0, 0.0, 0.0, 0.0, 0.0, 0.0, 0.0, 0.0, 0.0, 0.0, 0.0, 0.0, 0.0, 0.0, 0.0, 0.0, 0.0, 0.0, 0.0, 0.0]
DA total nbr calls [1096, 1228, 1190, 1308, 1195, 1166, 1017, 1032, 1349, 1281, 1176, 983, 1144, 1102, 1211, 1210, 1109, 1198, 1065, 1261, 1048, 1149, 1173, 1126, 1143, 966, 1018, 1023, 1245, 1175, 1154, 1249, 1053, 1260, 1122, 1173, 899, 1286, 1172, 1356, 1077, 947, 1222, 1210, 1114, 1223, 1000, 1166, 1103, 1104]
DA times process [1.74, 1.93, 1.81, 1.98, 1.9, 1.75, 1.65, 1.58, 2.01, 1.82, 1.67, 1.38, 1.62, 1.55, 1.73, 1.68, 1.57, 1.73, 1.52, 1.78, 1.5, 1.63, 1.69, 1.65, 1.63, 1.38, 1.45, 1.48, 1.77, 1.67, 1.71, 1.82, 1.53, 1.85, 1.62, 1.67, 1.31, 1.83, 1.69, 1.94, 1.56, 1.37, 1.73, 1.75, 1.6, 1.76, 1.43, 1.71, 1.63, 1.65]
DA times perf [1.74, 1.93, 1.81, 1.98, 1.9, 1.75, 1.65, 1.58, 2.01, 1.82, 1.67, 1.38, 1.62, 1.55, 1.73, 1.68, 1.57, 1.73, 1.52, 1.77, 1.5, 1.63, 1.69, 1.65, 1.63, 1.38, 1.45, 1.48, 1.77, 1.67, 1.71, 1.82, 1.53, 1.85, 1.62, 1.67, 1.31, 1.83, 1.69, 1.94, 1.56, 1.37, 1.73, 1.75, 1.6, 1.76, 1.43, 1.71, 1.64, 1.65]
DA times [1.74, 1.93, 1.81, 1.98, 1.9, 1.75, 1.65, 1.58, 2.01, 1.82, 1.67, 1.38, 1.62, 1.55, 1.73, 1.68, 1.57, 1.73, 1.52, 1.77, 1.5, 1.63, 1.69, 1.65, 1.63, 1.38, 1.45, 1.48, 1.77, 1.67, 1.71, 1.82, 1.53, 1.85, 1.62, 1.67, 1.31, 1.83, 1.69, 1.94, 1.56, 1.37, 1.73, 1.75, 1.6, 1.76, 1.43, 1.71, 1.64, 1.65]

8.17, 8.17, 8.17
1.67, 1.67, 1.67
Mean Antichain Size 170.72
Number Losing Payoffs 302.92
Number Realizable Payoffs 1243.90
CE mean antichain size 51.66
CE nbr exists calls 83.32
CE mean exists time 0.04
CE nbr dominated calls 82.32
CE mean dominated time 0.01
CE total nbr calls 165.64
DA mean antichain size 170.72
DA nbr call1 calls 974.82
DA mean call1 time 0.00
DA nbr call2 calls 170.72
DA mean call2 time 0.00
DA total nbr calls 1145.54



Size 10
Antichain sizes [74, 58, 93, 100, 72, 99, 97, 91, 91, 89, 88, 86, 115, 93, 102, 91, 82, 92, 89, 86, 102, 90, 73, 95, 78, 107, 77, 94, 89, 95, 64, 94, 98, 98, 75, 103, 96, 61, 82, 89, 80, 105, 74, 78, 108, 95, 82, 91, 93, 73]
Number of payoffs losing P0 [281, 252, 305, 210, 293, 155, 215, 222, 263, 218, 181, 231, 219, 222, 223, 202, 207, 216, 185, 212, 173, 271, 202, 272, 233, 286, 331, 209, 192, 233, 248, 240, 320, 181, 173, 164, 311, 229, 209, 193, 243, 228, 232, 227, 213, 280, 230, 221, 201, 277]
Number of payoffs realizable [751, 810, 797, 760, 770, 756, 700, 735, 710, 692, 730, 738, 756, 784, 701, 726, 810, 792, 661, 727, 688, 706, 792, 753, 763, 787, 832, 734, 752, 696, 698, 733, 804, 722, 716, 735, 780, 863, 749, 776, 735, 725, 790, 767, 723, 815, 754, 686, 726, 751]
CE antichain sizes [37, 28, 40, 34, 39, 29, 39, 42, 34, 38, 50, 24, 38, 35, 45, 41, 32, 44, 36, 29, 35, 29, 37, 31, 38, 25, 44, 30, 33, 39, 41, 30, 33, 29, 34, 36, 45, 26, 40, 25, 48, 31, 38, 23, 39, 42, 34, 37, 43, 37]
CE exists calls [55, 68, 59, 62, 61, 45, 65, 74, 62, 61, 73, 49, 62, 54, 78, 59, 57, 71, 60, 56, 59, 60, 66, 52, 63, 46, 63, 54, 60, 63, 75, 63, 72, 49, 51, 66, 69, 59, 66, 50, 69, 48, 70, 56, 68, 76, 63, 59, 65, 63]
CE exists calls times [0.02, 0.02, 0.02, 0.02, 0.02, 0.01, 0.01, 0.02, 0.02, 0.02, 0.02, 0.01, 0.02, 0.02, 0.02, 0.02, 0.01, 0.02, 0.02, 0.01, 0.02, 0.01, 0.02, 0.02, 0.01, 0.01, 0.02, 0.01, 0.01, 0.02, 0.01, 0.01, 0.01, 0.01, 0.02, 0.01, 0.03, 0.01, 0.02, 0.01, 0.02, 0.02, 0.02, 0.01, 0.02, 0.02, 0.02, 0.01, 0.02, 0.01]
CE dominated calls [54, 67, 58, 61, 60, 44, 64, 73, 61, 60, 72, 48, 61, 53, 77, 58, 56, 70, 59, 55, 58, 59, 65, 51, 62, 45, 62, 53, 59, 62, 74, 62, 71, 48, 50, 65, 68, 58, 65, 49, 68, 47, 69, 55, 67, 75, 62, 58, 64, 62]
CE dominated calls times [0.01, 0.01, 0.01, 0.01, 0.01, 0.01, 0.01, 0.01, 0.01, 0.01, 0.01, 0.01, 0.01, 0.01, 0.01, 0.01, 0.01, 0.01, 0.01, 0.01, 0.01, 0.01, 0.01, 0.01, 0.01, 0.01, 0.01, 0.01, 0.01, 0.01, 0.01, 0.01, 0.01, 0.01, 0.01, 0.01, 0.01, 0.01, 0.01, 0.01, 0.01, 0.01, 0.01, 0.01, 0.01, 0.01, 0.01, 0.01, 0.01, 0.01]
CE total nbr calls [109, 135, 117, 123, 121, 89, 129, 147, 123, 121, 145, 97, 123, 107, 155, 117, 113, 141, 119, 111, 117, 119, 131, 103, 125, 91, 125, 107, 119, 125, 149, 125, 143, 97, 101, 131, 137, 117, 131, 99, 137, 95, 139, 111, 135, 151, 125, 117, 129, 125]
CE times process [3.01, 3.39, 2.97, 2.93, 3.09, 1.95, 2.63, 3.7, 2.87, 3.17, 4.64, 1.26, 2.73, 2.82, 3.48, 3.47, 2.13, 3.85, 2.7, 2.23, 2.81, 2.06, 2.97, 2.55, 2.6, 1.49, 3.86, 1.98, 2.57, 3.1, 3.05, 2.34, 2.94, 1.87, 2.33, 2.49, 4.99, 2.1, 3.36, 1.35, 3.76, 2.1, 3.29, 1.92, 3.62, 4.3, 2.85, 2.47, 3.26, 2.48]
CE times perf [3.01, 3.4, 2.97, 2.96, 3.09, 1.96, 2.63, 3.7, 2.87, 3.17, 4.64, 1.26, 2.73, 2.82, 3.48, 3.47, 2.13, 3.85, 2.7, 2.23, 2.81, 2.06, 2.97, 2.55, 2.6, 1.49, 3.86, 1.98, 2.57, 3.1, 3.05, 2.34, 2.94, 1.87, 2.33, 2.49, 4.99, 2.1, 3.36, 1.35, 3.76, 2.1, 3.29, 1.92, 3.62, 4.3, 2.85, 2.47, 3.26, 2.48]
CE times [3.01, 3.4, 2.97, 2.96, 3.09, 1.96, 2.63, 3.7, 2.87, 3.17, 4.64, 1.26, 2.73, 2.82, 3.48, 3.47, 2.13, 3.85, 2.7, 2.23, 2.81, 2.06, 2.97, 2.55, 2.6, 1.49, 3.86, 1.98, 2.57, 3.1, 3.05, 2.34, 2.94, 1.87, 2.33, 2.49, 4.99, 2.1, 3.36, 1.35, 3.76, 2.1, 3.29, 1.92, 3.62, 4.3, 2.85, 2.47, 3.26, 2.48]
DA antichain sizes [74, 58, 93, 100, 72, 99, 97, 91, 91, 89, 88, 86, 115, 93, 102, 91, 82, 92, 89, 86, 102, 90, 73, 95, 78, 107, 77, 94, 89, 95, 64, 94, 98, 98, 75, 103, 96, 61, 82, 89, 80, 105, 74, 78, 108, 95, 82, 91, 93, 73]
DA call1 calls [347, 272, 320, 364, 326, 367, 421, 380, 405, 421, 382, 372, 383, 333, 425, 389, 296, 324, 452, 383, 438, 408, 305, 366, 339, 344, 269, 384, 361, 423, 390, 385, 318, 400, 383, 392, 340, 222, 357, 337, 369, 404, 308, 335, 409, 304, 352, 429, 391, 346]
DA call1 calls times [0.0, 0.0, 0.0, 0.0, 0.0, 0.0, 0.0, 0.0, 0.0, 0.0, 0.0, 0.0, 0.0, 0.0, 0.0, 0.0, 0.0, 0.0, 0.0, 0.0, 0.0, 0.0, 0.0, 0.0, 0.0, 0.0, 0.0, 0.0, 0.0, 0.0, 0.0, 0.0, 0.0, 0.0, 0.0, 0.0, 0.0, 0.0, 0.0, 0.0, 0.0, 0.0, 0.0, 0.0, 0.0, 0.0, 0.0, 0.0, 0.0, 0.0]
DA call2 calls [74, 58, 93, 100, 72, 99, 97, 91, 91, 89, 88, 86, 115, 93, 102, 91, 82, 92, 89, 86, 102, 90, 73, 95, 78, 107, 77, 94, 89, 95, 64, 94, 98, 98, 75, 103, 96, 61, 82, 89, 80, 105, 74, 78, 108, 95, 82, 91, 93, 73]
DA call2 calls times [0.0, 0.0, 0.0, 0.0, 0.0, 0.0, 0.0, 0.0, 0.0, 0.0, 0.0, 0.0, 0.0, 0.0, 0.0, 0.0, 0.0, 0.0, 0.0, 0.0, 0.0, 0.0, 0.0, 0.0, 0.0, 0.0, 0.0, 0.0, 0.0, 0.0, 0.0, 0.0, 0.0, 0.0, 0.0, 0.0, 0.0, 0.0, 0.0, 0.0, 0.0, 0.0, 0.0, 0.0, 0.0, 0.0, 0.0, 0.0, 0.0, 0.0]
DA total nbr calls [421, 330, 413, 464, 398, 466, 518, 471, 496, 510, 470, 458, 498, 426, 527, 480, 378, 416, 541, 469, 540, 498, 378, 461, 417, 451, 346, 478, 450, 518, 454, 479, 416, 498, 458, 495, 436, 283, 439, 426, 449, 509, 382, 413, 517, 399, 434, 520, 484, 419]
DA times process [0.6, 0.48, 0.57, 0.65, 0.58, 0.66, 0.66, 0.6, 0.64, 0.67, 0.6, 0.6, 0.62, 0.53, 0.68, 0.62, 0.47, 0.53, 0.72, 0.61, 0.69, 0.65, 0.48, 0.59, 0.54, 0.55, 0.44, 0.61, 0.57, 0.67, 0.6, 0.61, 0.51, 0.64, 0.6, 0.62, 0.55, 0.36, 0.57, 0.54, 0.59, 0.65, 0.49, 0.53, 0.66, 0.5, 0.56, 0.68, 0.62, 0.55]
DA times perf [0.6, 0.48, 0.57, 0.65, 0.59, 0.67, 0.66, 0.6, 0.64, 0.67, 0.6, 0.6, 0.62, 0.53, 0.68, 0.62, 0.47, 0.53, 0.72, 0.61, 0.69, 0.65, 0.48, 0.59, 0.54, 0.55, 0.44, 0.61, 0.57, 0.67, 0.6, 0.61, 0.51, 0.64, 0.6, 0.62, 0.55, 0.36, 0.57, 0.54, 0.59, 0.65, 0.49, 0.53, 0.66, 0.5, 0.56, 0.68, 0.62, 0.55]
DA times [0.6, 0.48, 0.57, 0.65, 0.59, 0.67, 0.66, 0.6, 0.64, 0.67, 0.6, 0.6, 0.62, 0.53, 0.68, 0.62, 0.47, 0.53, 0.72, 0.61, 0.69, 0.65, 0.48, 0.59, 0.54, 0.55, 0.44, 0.61, 0.57, 0.67, 0.6, 0.61, 0.51, 0.64, 0.6, 0.62, 0.55, 0.36, 0.57, 0.54, 0.59, 0.65, 0.49, 0.53, 0.66, 0.5, 0.56, 0.68, 0.62, 0.55]

2.84, 2.84, 2.84
0.59, 0.59, 0.59
Mean Antichain Size 88.54
Number Losing Payoffs 230.68
Number Realizable Payoffs 749.14
CE mean antichain size 35.72
CE nbr exists calls 61.48
CE mean exists time 0.02
CE nbr dominated calls 60.48
CE mean dominated time 0.01
CE total nbr calls 121.96
DA mean antichain size 88.54
DA nbr call1 calls 363.40
DA mean call1 time 0.00
DA nbr call2 calls 88.54
DA mean call2 time 0.00
DA total nbr calls 451.94



Size 9
Antichain sizes [43, 47, 29, 42, 36, 62, 23, 37, 41, 48, 51, 50, 43, 38, 55, 46, 45, 49, 32, 61, 50, 46, 46, 52, 39, 48, 51, 67, 53, 43, 35, 45, 38, 39, 36, 54, 46, 42, 51, 40, 37, 43, 48, 32, 37, 48, 42, 41, 55, 33]
Number of payoffs losing P0 [147, 176, 167, 120, 153, 145, 195, 133, 148, 181, 123, 204, 156, 116, 140, 125, 158, 155, 141, 145, 168, 208, 164, 158, 120, 157, 143, 157, 134, 136, 208, 140, 163, 150, 165, 144, 168, 141, 157, 166, 152, 228, 153, 118, 148, 167, 135, 149, 128, 160]
Number of payoffs realizable [395, 395, 459, 443, 425, 393, 458, 428, 419, 427, 396, 435, 417, 428, 401, 429, 396, 392, 458, 391, 400, 399, 413, 394, 413, 422, 389, 391, 413, 442, 422, 413, 419, 438, 454, 422, 415, 416, 419, 440, 423, 449, 420, 438, 429, 387, 416, 383, 392, 440]
CE antichain sizes [14, 16, 18, 19, 24, 24, 25, 22, 17, 26, 21, 25, 21, 18, 26, 27, 32, 21, 23, 23, 25, 21, 25, 24, 15, 22, 22, 22, 20, 17, 20, 30, 20, 18, 26, 25, 27, 24, 28, 30, 26, 31, 19, 17, 25, 25, 24, 26, 27, 19]
CE exists calls [29, 34, 30, 29, 38, 39, 54, 44, 47, 48, 37, 49, 47, 37, 55, 49, 53, 38, 48, 37, 47, 40, 47, 43, 23, 36, 47, 41, 38, 33, 42, 52, 46, 33, 40, 46, 56, 48, 45, 56, 39, 63, 35, 36, 44, 37, 42, 52, 46, 34]
CE exists calls times [0.0, 0.0, 0.0, 0.0, 0.01, 0.01, 0.01, 0.0, 0.0, 0.01, 0.01, 0.0, 0.01, 0.0, 0.01, 0.01, 0.01, 0.01, 0.0, 0.01, 0.01, 0.01, 0.01, 0.01, 0.0, 0.01, 0.01, 0.01, 0.0, 0.0, 0.01, 0.01, 0.01, 0.0, 0.01, 0.01, 0.01, 0.01, 0.01, 0.01, 0.01, 0.01, 0.01, 0.0, 0.01, 0.01, 0.01, 0.01, 0.01, 0.0]
CE dominated calls [28, 33, 29, 28, 37, 38, 53, 43, 46, 47, 36, 48, 46, 36, 54, 48, 52, 37, 47, 36, 46, 39, 46, 42, 22, 35, 46, 40, 37, 32, 41, 51, 45, 32, 39, 45, 55, 47, 44, 55, 38, 62, 34, 35, 43, 36, 41, 51, 45, 33]
CE dominated calls times [0.01, 0.01, 0.01, 0.01, 0.01, 0.01, 0.01, 0.01, 0.01, 0.01, 0.01, 0.01, 0.01, 0.01, 0.01, 0.01, 0.01, 0.01, 0.01, 0.01, 0.01, 0.01, 0.01, 0.01, 0.01, 0.01, 0.01, 0.01, 0.01, 0.01, 0.01, 0.01, 0.01, 0.01, 0.01, 0.01, 0.01, 0.01, 0.01, 0.01, 0.01, 0.01, 0.01, 0.01, 0.01, 0.01, 0.01, 0.01, 0.01, 0.01]
CE total nbr calls [57, 67, 59, 57, 75, 77, 107, 87, 93, 95, 73, 97, 93, 73, 109, 97, 105, 75, 95, 73, 93, 79, 93, 85, 45, 71, 93, 81, 75, 65, 83, 103, 91, 65, 79, 91, 111, 95, 89, 111, 77, 125, 69, 71, 87, 73, 83, 103, 91, 67]
CE times process [0.61, 0.72, 0.58, 0.63, 1.07, 0.88, 1.27, 0.9, 0.98, 1.19, 0.91, 1.09, 1.18, 0.75, 1.31, 1.48, 1.67, 0.86, 1.04, 0.97, 1.19, 1.05, 1.1, 1.05, 0.43, 0.86, 1.18, 0.94, 1.08, 0.69, 0.94, 1.62, 1.07, 0.68, 1.1, 1.13, 1.42, 1.42, 1.07, 1.88, 1.19, 1.71, 0.8, 0.74, 1.18, 0.88, 1.04, 1.35, 1.22, 0.71]
CE times perf [0.61, 0.72, 0.58, 0.63, 1.07, 0.88, 1.27, 0.9, 0.98, 1.19, 0.91, 1.09, 1.18, 0.75, 1.31, 1.48, 1.67, 0.86, 1.04, 0.97, 1.19, 1.05, 1.1, 1.05, 0.43, 0.86, 1.18, 0.94, 1.08, 0.69, 0.94, 1.62, 1.07, 0.68, 1.1, 1.13, 1.42, 1.42, 1.07, 1.88, 1.19, 1.71, 0.8, 0.74, 1.18, 0.88, 1.04, 1.35, 1.22, 0.71]
CE times [0.61, 0.72, 0.58, 0.63, 1.07, 0.88, 1.27, 0.9, 0.98, 1.19, 0.91, 1.09, 1.18, 0.75, 1.31, 1.48, 1.67, 0.86, 1.04, 0.97, 1.19, 1.05, 1.1, 1.05, 0.43, 0.86, 1.18, 0.94, 1.08, 0.69, 0.94, 1.62, 1.07, 0.68, 1.1, 1.13, 1.42, 1.42, 1.07, 1.88, 1.19, 1.71, 0.8, 0.74, 1.18, 0.88, 1.04, 1.35, 1.22, 0.71]
DA antichain sizes [43, 47, 29, 42, 36, 62, 23, 37, 41, 48, 51, 50, 43, 38, 55, 46, 45, 49, 32, 61, 50, 46, 46, 52, 39, 48, 51, 67, 53, 43, 35, 45, 38, 39, 36, 54, 46, 42, 51, 40, 37, 43, 48, 32, 37, 48, 42, 41, 55, 33]
DA call1 calls [160, 164, 82, 111, 123, 181, 77, 121, 134, 133, 167, 127, 138, 122, 166, 129, 161, 169, 86, 182, 162, 159, 145, 170, 138, 138, 174, 188, 152, 113, 125, 144, 131, 113, 94, 144, 143, 138, 144, 112, 126, 106, 140, 106, 120, 173, 138, 170, 175, 105]
DA call1 calls times [0.0, 0.0, 0.0, 0.0, 0.0, 0.0, 0.0, 0.0, 0.0, 0.0, 0.0, 0.0, 0.0, 0.0, 0.0, 0.0, 0.0, 0.0, 0.0, 0.0, 0.0, 0.0, 0.0, 0.0, 0.0, 0.0, 0.0, 0.0, 0.0, 0.0, 0.0, 0.0, 0.0, 0.0, 0.0, 0.0, 0.0, 0.0, 0.0, 0.0, 0.0, 0.0, 0.0, 0.0, 0.0, 0.0, 0.0, 0.0, 0.0, 0.0]
DA call2 calls [43, 47, 29, 42, 36, 62, 23, 37, 41, 48, 51, 50, 43, 38, 55, 46, 45, 49, 32, 61, 50, 46, 46, 52, 39, 48, 51, 67, 53, 43, 35, 45, 38, 39, 36, 54, 46, 42, 51, 40, 37, 43, 48, 32, 37, 48, 42, 41, 55, 33]
DA call2 calls times [0.0, 0.0, 0.0, 0.0, 0.0, 0.0, 0.0, 0.0, 0.0, 0.0, 0.0, 0.0, 0.0, 0.0, 0.0, 0.0, 0.0, 0.0, 0.0, 0.0, 0.0, 0.0, 0.0, 0.0, 0.0, 0.0, 0.0, 0.0, 0.0, 0.0, 0.0, 0.0, 0.0, 0.0, 0.0, 0.0, 0.0, 0.0, 0.0, 0.0, 0.0, 0.0, 0.0, 0.0, 0.0, 0.0, 0.0, 0.0, 0.0, 0.0]
DA total nbr calls [203, 211, 111, 153, 159, 243, 100, 158, 175, 181, 218, 177, 181, 160, 221, 175, 206, 218, 118, 243, 212, 205, 191, 222, 177, 186, 225, 255, 205, 156, 160, 189, 169, 152, 130, 198, 189, 180, 195, 152, 163, 149, 188, 138, 157, 221, 180, 211, 230, 138]
DA times process [0.25, 0.26, 0.13, 0.18, 0.2, 0.29, 0.12, 0.19, 0.21, 0.22, 0.27, 0.21, 0.23, 0.2, 0.26, 0.21, 0.26, 0.27, 0.14, 0.29, 0.26, 0.25, 0.23, 0.27, 0.22, 0.22, 0.28, 0.3, 0.24, 0.18, 0.2, 0.23, 0.21, 0.18, 0.15, 0.23, 0.23, 0.22, 0.23, 0.19, 0.2, 0.17, 0.23, 0.17, 0.19, 0.28, 0.22, 0.26, 0.28, 0.17]
DA times perf [0.25, 0.26, 0.13, 0.18, 0.2, 0.29, 0.12, 0.19, 0.21, 0.22, 0.27, 0.21, 0.23, 0.2, 0.26, 0.21, 0.26, 0.27, 0.14, 0.29, 0.26, 0.25, 0.23, 0.27, 0.22, 0.22, 0.28, 0.3, 0.24, 0.18, 0.2, 0.23, 0.21, 0.18, 0.15, 0.23, 0.23, 0.22, 0.23, 0.19, 0.2, 0.17, 0.23, 0.17, 0.19, 0.28, 0.22, 0.26, 0.28, 0.17]
DA times [0.25, 0.26, 0.13, 0.18, 0.2, 0.29, 0.12, 0.19, 0.21, 0.22, 0.27, 0.21, 0.23, 0.2, 0.26, 0.21, 0.26, 0.27, 0.14, 0.29, 0.26, 0.25, 0.23, 0.27, 0.22, 0.22, 0.28, 0.3, 0.24, 0.18, 0.2, 0.23, 0.21, 0.18, 0.15, 0.23, 0.23, 0.22, 0.23, 0.19, 0.2, 0.17, 0.23, 0.17, 0.19, 0.28, 0.22, 0.26, 0.28, 0.17]

1.06, 1.06, 1.06
0.22, 0.22, 0.22
Mean Antichain Size 44.30
Number Losing Payoffs 154.26
Number Realizable Payoffs 417.92
CE mean antichain size 22.84
CE nbr exists calls 42.58
CE mean exists time 0.01
CE nbr dominated calls 41.58
CE mean dominated time 0.01
CE total nbr calls 84.16
DA mean antichain size 44.30
DA nbr call1 calls 138.38
DA mean call1 time 0.00
DA nbr call2 calls 44.30
DA mean call2 time 0.00
DA total nbr calls 182.68



Size 8
Antichain sizes [30, 27, 20, 38, 17, 9, 15, 23, 13, 11, 22, 13, 16, 16, 11, 9, 24, 16, 11, 8, 23, 15, 12, 14, 15, 19, 24, 29, 22, 35, 21, 13, 17, 21, 22, 21, 17, 24, 16, 26, 18, 25, 29, 19, 8, 27, 18, 21, 12, 27]
Number of payoffs losing P0 [107, 107, 89, 129, 105, 143, 100, 85, 115, 109, 96, 152, 136, 110, 118, 92, 123, 111, 88, 86, 110, 120, 116, 133, 109, 105, 105, 92, 75, 111, 124, 101, 114, 124, 112, 112, 117, 107, 68, 87, 94, 113, 94, 106, 114, 107, 87, 97, 107, 115]
Number of payoffs realizable [216, 226, 236, 218, 238, 246, 235, 220, 244, 248, 234, 245, 234, 234, 240, 245, 223, 240, 242, 249, 240, 229, 231, 246, 236, 234, 227, 223, 233, 214, 231, 229, 231, 225, 223, 225, 227, 223, 240, 223, 236, 228, 213, 228, 249, 222, 229, 235, 238, 223]
CE antichain sizes [14, 13, 11, 16, 12, 15, 14, 12, 17, 12, 13, 15, 19, 17, 15, 9, 17, 8, 15, 14, 17, 14, 13, 11, 16, 18, 18, 16, 16, 18, 18, 16, 16, 11, 18, 13, 18, 18, 18, 18, 16, 13, 14, 17, 15, 18, 15, 14, 15, 16]
CE exists calls [25, 38, 20, 28, 25, 31, 27, 27, 34, 25, 31, 30, 35, 30, 26, 35, 34, 27, 24, 27, 26, 29, 36, 25, 28, 27, 32, 40, 27, 31, 30, 26, 30, 23, 30, 22, 37, 40, 23, 32, 29, 37, 31, 28, 27, 38, 31, 24, 33, 26]
CE exists calls times [0.0, 0.0, 0.0, 0.0, 0.0, 0.0, 0.0, 0.0, 0.0, 0.0, 0.0, 0.0, 0.0, 0.0, 0.0, 0.0, 0.0, 0.0, 0.0, 0.0, 0.0, 0.0, 0.0, 0.0, 0.0, 0.0, 0.0, 0.0, 0.0, 0.0, 0.0, 0.0, 0.0, 0.0, 0.0, 0.0, 0.0, 0.0, 0.0, 0.0, 0.0, 0.0, 0.0, 0.0, 0.0, 0.0, 0.0, 0.0, 0.0, 0.0]
CE dominated calls [24, 37, 19, 27, 24, 30, 26, 26, 33, 24, 30, 29, 34, 29, 25, 34, 33, 26, 23, 26, 25, 28, 35, 24, 27, 26, 31, 39, 26, 30, 29, 25, 29, 22, 29, 21, 36, 39, 22, 31, 28, 36, 30, 27, 26, 37, 30, 23, 32, 25]
CE dominated calls times [0.01, 0.01, 0.01, 0.01, 0.01, 0.01, 0.01, 0.01, 0.01, 0.01, 0.01, 0.0, 0.01, 0.01, 0.01, 0.01, 0.01, 0.01, 0.01, 0.01, 0.01, 0.01, 0.01, 0.01, 0.01, 0.01, 0.01, 0.01, 0.01, 0.01, 0.01, 0.01, 0.0, 0.01, 0.01, 0.01, 0.01, 0.01, 0.01, 0.01, 0.01, 0.01, 0.01, 0.01, 0.01, 0.01, 0.01, 0.01, 0.01, 0.01]
CE total nbr calls [49, 75, 39, 55, 49, 61, 53, 53, 67, 49, 61, 59, 69, 59, 51, 69, 67, 53, 47, 53, 51, 57, 71, 49, 55, 53, 63, 79, 53, 61, 59, 51, 59, 45, 59, 43, 73, 79, 45, 63, 57, 73, 61, 55, 53, 75, 61, 47, 65, 51]
CE times process [0.37, 0.62, 0.31, 0.48, 0.36, 0.51, 0.39, 0.41, 0.53, 0.35, 0.49, 0.44, 0.62, 0.54, 0.45, 0.52, 0.53, 0.37, 0.34, 0.46, 0.47, 0.45, 0.59, 0.38, 0.45, 0.51, 0.61, 0.74, 0.44, 0.53, 0.46, 0.41, 0.44, 0.34, 0.57, 0.36, 0.71, 0.7, 0.38, 0.6, 0.52, 0.59, 0.5, 0.46, 0.48, 0.76, 0.47, 0.37, 0.49, 0.4]
CE times perf [0.37, 0.62, 0.31, 0.48, 0.36, 0.51, 0.39, 0.41, 0.53, 0.35, 0.49, 0.44, 0.62, 0.54, 0.45, 0.52, 0.53, 0.37, 0.34, 0.46, 0.47, 0.45, 0.59, 0.38, 0.45, 0.51, 0.61, 0.74, 0.44, 0.53, 0.46, 0.41, 0.44, 0.34, 0.57, 0.36, 0.71, 0.7, 0.38, 0.6, 0.52, 0.59, 0.5, 0.46, 0.48, 0.76, 0.47, 0.37, 0.49, 0.4]
CE times [0.37, 0.62, 0.31, 0.48, 0.36, 0.51, 0.39, 0.41, 0.53, 0.35, 0.49, 0.44, 0.62, 0.54, 0.45, 0.52, 0.53, 0.37, 0.34, 0.46, 0.47, 0.45, 0.59, 0.38, 0.45, 0.51, 0.61, 0.74, 0.44, 0.53, 0.46, 0.41, 0.44, 0.34, 0.57, 0.36, 0.71, 0.7, 0.38, 0.6, 0.52, 0.59, 0.5, 0.46, 0.48, 0.76, 0.47, 0.37, 0.49, 0.4]
DA antichain sizes [30, 27, 20, 38, 17, 9, 15, 23, 13, 11, 22, 13, 16, 16, 11, 9, 24, 16, 11, 8, 23, 15, 12, 14, 15, 19, 24, 29, 22, 35, 21, 13, 17, 21, 22, 21, 17, 24, 16, 26, 18, 25, 29, 19, 8, 27, 18, 21, 12, 27]
DA call1 calls [70, 57, 40, 76, 35, 19, 36, 59, 25, 19, 44, 24, 38, 38, 27, 20, 57, 32, 25, 15, 39, 42, 37, 24, 35, 41, 53, 62, 45, 77, 46, 40, 42, 52, 55, 52, 46, 57, 32, 59, 38, 53, 72, 47, 15, 61, 45, 42, 30, 60]
DA call1 calls times [0.0, 0.0, 0.0, 0.0, 0.0, 0.0, 0.0, 0.0, 0.0, 0.0, 0.0, 0.0, 0.0, 0.0, 0.0, 0.0, 0.0, 0.0, 0.0, 0.0, 0.0, 0.0, 0.0, 0.0, 0.0, 0.0, 0.0, 0.0, 0.0, 0.0, 0.0, 0.0, 0.0, 0.0, 0.0, 0.0, 0.0, 0.0, 0.0, 0.0, 0.0, 0.0, 0.0, 0.0, 0.0, 0.0, 0.0, 0.0, 0.0, 0.0]
DA call2 calls [30, 27, 20, 38, 17, 9, 15, 23, 13, 11, 22, 13, 16, 16, 11, 9, 24, 16, 11, 8, 23, 15, 12, 14, 15, 19, 24, 29, 22, 35, 21, 13, 17, 21, 22, 21, 17, 24, 16, 26, 18, 25, 29, 19, 8, 27, 18, 21, 12, 27]
DA call2 calls times [0.0, 0.0, 0.0, 0.0, 0.0, 0.0, 0.0, 0.0, 0.0, 0.0, 0.0, 0.0, 0.0, 0.0, 0.0, 0.0, 0.0, 0.0, 0.0, 0.0, 0.0, 0.0, 0.0, 0.0, 0.0, 0.0, 0.0, 0.0, 0.0, 0.0, 0.0, 0.0, 0.0, 0.0, 0.0, 0.0, 0.0, 0.0, 0.0, 0.0, 0.0, 0.0, 0.0, 0.0, 0.0, 0.0, 0.0, 0.0, 0.0, 0.0]
DA total nbr calls [100, 84, 60, 114, 52, 28, 51, 82, 38, 30, 66, 37, 54, 54, 38, 29, 81, 48, 36, 23, 62, 57, 49, 38, 50, 60, 77, 91, 67, 112, 67, 53, 59, 73, 77, 73, 63, 81, 48, 85, 56, 78, 101, 66, 23, 88, 63, 63, 42, 87]
DA times process [0.11, 0.09, 0.07, 0.12, 0.06, 0.03, 0.06, 0.09, 0.04, 0.03, 0.07, 0.04, 0.06, 0.06, 0.05, 0.03, 0.09, 0.05, 0.04, 0.03, 0.07, 0.07, 0.06, 0.04, 0.06, 0.07, 0.09, 0.1, 0.07, 0.13, 0.07, 0.06, 0.07, 0.08, 0.09, 0.09, 0.08, 0.09, 0.05, 0.1, 0.06, 0.09, 0.11, 0.07, 0.03, 0.1, 0.07, 0.07, 0.05, 0.1]
DA times perf [0.11, 0.09, 0.07, 0.12, 0.06, 0.03, 0.06, 0.09, 0.04, 0.03, 0.07, 0.04, 0.06, 0.06, 0.05, 0.03, 0.09, 0.05, 0.04, 0.03, 0.07, 0.07, 0.06, 0.04, 0.06, 0.07, 0.09, 0.1, 0.07, 0.13, 0.07, 0.06, 0.07, 0.08, 0.09, 0.09, 0.08, 0.09, 0.05, 0.1, 0.06, 0.09, 0.11, 0.07, 0.03, 0.1, 0.07, 0.07, 0.05, 0.1]
DA times [0.11, 0.09, 0.07, 0.12, 0.06, 0.03, 0.06, 0.09, 0.04, 0.03, 0.07, 0.04, 0.06, 0.06, 0.05, 0.03, 0.09, 0.05, 0.04, 0.03, 0.07, 0.07, 0.06, 0.04, 0.06, 0.07, 0.09, 0.1, 0.07, 0.13, 0.07, 0.06, 0.07, 0.08, 0.09, 0.09, 0.08, 0.09, 0.05, 0.1, 0.06, 0.09, 0.11, 0.07, 0.03, 0.1, 0.07, 0.07, 0.05, 0.1]

0.49, 0.49, 0.49
0.07, 0.07, 0.07
Mean Antichain Size 19.18
Number Losing Payoffs 107.54
Number Realizable Payoffs 232.08
CE mean antichain size 15.04
CE nbr exists calls 29.54
CE mean exists time 0.00
CE nbr dominated calls 28.54
CE mean dominated time 0.01
CE total nbr calls 58.08
DA mean antichain size 19.18
DA nbr call1 calls 43.10
DA mean call1 time 0.00
DA nbr call2 calls 19.18
DA mean call2 time 0.00
DA total nbr calls 62.28



Size 7
Antichain sizes [13, 7, 8, 11, 13, 7, 8, 8, 11, 7, 8, 7, 7, 9, 7, 20, 12, 9, 12, 13, 12, 7, 10, 12, 7, 11, 11, 11, 7, 9, 16, 8, 16, 8, 9, 9, 7, 9, 8, 18, 12, 7, 8, 10, 7, 9, 7, 15, 15, 8]
Number of payoffs losing P0 [64, 68, 75, 67, 64, 68, 58, 74, 74, 84, 57, 72, 85, 63, 84, 81, 62, 86, 71, 61, 70, 71, 56, 63, 88, 67, 65, 62, 78, 61, 69, 73, 67, 82, 61, 64, 81, 71, 57, 52, 76, 75, 66, 67, 75, 62, 80, 72, 53, 55]
Number of payoffs realizable [118, 121, 122, 121, 118, 120, 122, 122, 121, 124, 122, 127, 124, 123, 124, 119, 117, 123, 122, 118, 122, 127, 120, 122, 127, 116, 121, 121, 121, 123, 121, 122, 121, 122, 119, 119, 127, 123, 122, 116, 122, 124, 118, 120, 127, 123, 124, 120, 120, 122]
CE antichain sizes [9, 9, 9, 8, 7, 11, 10, 9, 5, 9, 11, 5, 9, 7, 9, 11, 8, 6, 9, 10, 6, 9, 9, 6, 8, 5, 11, 11, 7, 8, 10, 6, 10, 8, 9, 10, 6, 9, 9, 11, 12, 6, 9, 10, 7, 4, 9, 10, 4, 7]
CE exists calls [27, 21, 22, 25, 21, 22, 22, 21, 13, 26, 19, 15, 26, 17, 20, 26, 24, 20, 17, 19, 17, 18, 21, 18, 25, 17, 24, 23, 15, 21, 25, 22, 18, 22, 21, 26, 18, 16, 22, 23, 25, 18, 27, 23, 21, 17, 24, 19, 13, 23]
CE exists calls times [0.0, 0.0, 0.0, 0.0, 0.0, 0.0, 0.0, 0.0, 0.0, 0.0, 0.0, 0.0, 0.0, 0.0, 0.0, 0.0, 0.0, 0.0, 0.0, 0.0, 0.0, 0.0, 0.0, 0.0, 0.0, 0.0, 0.0, 0.0, 0.0, 0.0, 0.0, 0.0, 0.0, 0.0, 0.0, 0.0, 0.0, 0.0, 0.0, 0.0, 0.0, 0.0, 0.0, 0.0, 0.0, 0.0, 0.0, 0.0, 0.0, 0.0]
CE dominated calls [26, 20, 21, 24, 20, 21, 21, 20, 12, 25, 18, 14, 25, 16, 19, 25, 23, 19, 16, 18, 16, 17, 20, 17, 24, 16, 23, 22, 14, 20, 24, 21, 17, 21, 20, 25, 17, 15, 21, 22, 24, 17, 26, 22, 20, 16, 23, 18, 12, 22]
CE dominated calls times [0.0, 0.0, 0.0, 0.01, 0.0, 0.0, 0.0, 0.0, 0.0, 0.0, 0.0, 0.0, 0.0, 0.0, 0.0, 0.01, 0.01, 0.0, 0.0, 0.0, 0.0, 0.0, 0.0, 0.0, 0.01, 0.0, 0.01, 0.0, 0.0, 0.0, 0.0, 0.01, 0.0, 0.0, 0.0, 0.0, 0.0, 0.0, 0.0, 0.0, 0.0, 0.0, 0.0, 0.0, 0.0, 0.0, 0.0, 0.01, 0.0, 0.0]
CE total nbr calls [53, 41, 43, 49, 41, 43, 43, 41, 25, 51, 37, 29, 51, 33, 39, 51, 47, 39, 33, 37, 33, 35, 41, 35, 49, 33, 47, 45, 29, 41, 49, 43, 35, 43, 41, 51, 35, 31, 43, 45, 49, 35, 53, 45, 41, 33, 47, 37, 25, 45]
CE times process [0.34, 0.22, 0.25, 0.33, 0.23, 0.26, 0.28, 0.23, 0.13, 0.29, 0.22, 0.13, 0.29, 0.17, 0.22, 0.34, 0.29, 0.23, 0.21, 0.21, 0.17, 0.19, 0.25, 0.22, 0.32, 0.17, 0.32, 0.3, 0.13, 0.24, 0.27, 0.28, 0.22, 0.25, 0.24, 0.32, 0.18, 0.14, 0.25, 0.26, 0.3, 0.19, 0.31, 0.27, 0.22, 0.19, 0.27, 0.23, 0.14, 0.26]
CE times perf [0.34, 0.22, 0.25, 0.33, 0.23, 0.26, 0.28, 0.23, 0.13, 0.29, 0.22, 0.13, 0.29, 0.17, 0.22, 0.34, 0.29, 0.23, 0.21, 0.21, 0.17, 0.19, 0.25, 0.22, 0.32, 0.17, 0.32, 0.3, 0.13, 0.24, 0.27, 0.28, 0.22, 0.25, 0.24, 0.32, 0.18, 0.14, 0.25, 0.26, 0.3, 0.19, 0.31, 0.27, 0.22, 0.19, 0.27, 0.23, 0.14, 0.26]
CE times [0.34, 0.22, 0.25, 0.33, 0.23, 0.26, 0.28, 0.23, 0.13, 0.29, 0.22, 0.13, 0.29, 0.17, 0.22, 0.34, 0.29, 0.23, 0.21, 0.21, 0.17, 0.19, 0.25, 0.22, 0.32, 0.17, 0.32, 0.3, 0.13, 0.24, 0.27, 0.28, 0.22, 0.25, 0.24, 0.32, 0.18, 0.14, 0.25, 0.26, 0.3, 0.19, 0.31, 0.27, 0.22, 0.19, 0.27, 0.23, 0.14, 0.26]
DA antichain sizes [13, 7, 8, 11, 13, 7, 8, 8, 11, 7, 8, 7, 7, 9, 7, 20, 12, 9, 12, 13, 12, 7, 10, 12, 7, 11, 11, 11, 7, 9, 16, 8, 16, 8, 9, 9, 7, 9, 8, 18, 12, 7, 8, 10, 7, 9, 7, 15, 15, 8]
DA call1 calls [23, 14, 14, 18, 23, 15, 14, 14, 18, 11, 14, 8, 11, 14, 11, 29, 23, 14, 18, 23, 18, 8, 18, 18, 8, 23, 18, 18, 14, 14, 23, 14, 23, 14, 18, 18, 8, 14, 14, 30, 18, 11, 18, 18, 8, 14, 11, 23, 23, 14]
DA call1 calls times [0.0, 0.0, 0.0, 0.0, 0.0, 0.0, 0.0, 0.0, 0.0, 0.0, 0.0, 0.0, 0.0, 0.0, 0.0, 0.0, 0.0, 0.0, 0.0, 0.0, 0.0, 0.0, 0.0, 0.0, 0.0, 0.0, 0.0, 0.0, 0.0, 0.0, 0.0, 0.0, 0.0, 0.0, 0.0, 0.0, 0.0, 0.0, 0.0, 0.0, 0.0, 0.0, 0.0, 0.0, 0.0, 0.0, 0.0, 0.0, 0.0, 0.0]
DA call2 calls [13, 7, 8, 11, 13, 7, 8, 8, 11, 7, 8, 7, 7, 9, 7, 20, 12, 9, 12, 13, 12, 7, 10, 12, 7, 11, 11, 11, 7, 9, 16, 8, 16, 8, 9, 9, 7, 9, 8, 18, 12, 7, 8, 10, 7, 9, 7, 15, 15, 8]
DA call2 calls times [0.0, 0.0, 0.0, 0.0, 0.0, 0.0, 0.0, 0.0, 0.0, 0.0, 0.0, 0.0, 0.0, 0.0, 0.0, 0.0, 0.0, 0.0, 0.0, 0.0, 0.0, 0.0, 0.0, 0.0, 0.0, 0.0, 0.0, 0.0, 0.0, 0.0, 0.0, 0.0, 0.0, 0.0, 0.0, 0.0, 0.0, 0.0, 0.0, 0.0, 0.0, 0.0, 0.0, 0.0, 0.0, 0.0, 0.0, 0.0, 0.0, 0.0]
DA total nbr calls [36, 21, 22, 29, 36, 22, 22, 22, 29, 18, 22, 15, 18, 23, 18, 49, 35, 23, 30, 36, 30, 15, 28, 30, 15, 34, 29, 29, 21, 23, 39, 22, 39, 22, 27, 27, 15, 23, 22, 48, 30, 18, 26, 28, 15, 23, 18, 38, 38, 22]
DA times process [0.04, 0.02, 0.02, 0.03, 0.04, 0.02, 0.02, 0.02, 0.03, 0.02, 0.02, 0.01, 0.02, 0.02, 0.02, 0.05, 0.04, 0.02, 0.03, 0.04, 0.03, 0.01, 0.03, 0.03, 0.01, 0.04, 0.03, 0.03, 0.02, 0.02, 0.04, 0.02, 0.04, 0.02, 0.03, 0.03, 0.01, 0.02, 0.02, 0.05, 0.03, 0.02, 0.03, 0.03, 0.01, 0.02, 0.02, 0.04, 0.04, 0.02]
DA times perf [0.04, 0.02, 0.02, 0.03, 0.04, 0.02, 0.02, 0.02, 0.03, 0.02, 0.02, 0.01, 0.02, 0.02, 0.02, 0.05, 0.04, 0.02, 0.03, 0.04, 0.03, 0.01, 0.03, 0.03, 0.01, 0.04, 0.03, 0.03, 0.02, 0.02, 0.04, 0.02, 0.04, 0.02, 0.03, 0.03, 0.01, 0.02, 0.02, 0.05, 0.03, 0.02, 0.03, 0.03, 0.01, 0.02, 0.02, 0.04, 0.04, 0.02]
DA times [0.04, 0.02, 0.02, 0.03, 0.04, 0.02, 0.02, 0.02, 0.03, 0.02, 0.02, 0.01, 0.02, 0.02, 0.02, 0.05, 0.04, 0.02, 0.03, 0.04, 0.03, 0.01, 0.03, 0.03, 0.01, 0.04, 0.03, 0.03, 0.02, 0.02, 0.04, 0.02, 0.04, 0.02, 0.03, 0.03, 0.01, 0.02, 0.02, 0.05, 0.03, 0.02, 0.03, 0.03, 0.01, 0.02, 0.02, 0.04, 0.04, 0.02]

0.24, 0.24, 0.24
0.03, 0.03, 0.03
Mean Antichain Size 10.00
Number Losing Payoffs 69.14
Number Realizable Payoffs 121.60
CE mean antichain size 8.34
CE nbr exists calls 20.90
CE mean exists time 0.00
CE nbr dominated calls 19.90
CE mean dominated time 0.00
CE total nbr calls 40.80
DA mean antichain size 10.00
DA nbr call1 calls 16.40
DA mean call1 time 0.00
DA nbr call2 calls 10.00
DA mean call2 time 0.00
DA total nbr calls 26.40



Size 6
Antichain sizes [6, 6, 6, 6, 6, 6, 6, 6, 6, 6, 6, 6, 6, 6, 6, 6, 6, 6, 6, 6, 6, 6, 6, 6, 6, 6, 6, 6, 6, 6, 6, 6, 6, 6, 6, 6, 6, 6, 6, 6, 6, 6, 6, 6, 6, 6, 6, 6, 6, 6]
Number of payoffs losing P0 [46, 42, 41, 37, 50, 48, 46, 45, 46, 35, 43, 48, 44, 47, 43, 45, 45, 43, 41, 39, 45, 47, 38, 39, 42, 36, 49, 44, 46, 43, 39, 39, 38, 39, 46, 45, 46, 49, 36, 33, 46, 47, 36, 41, 48, 36, 47, 37, 34, 33]
Number of payoffs realizable [63, 63, 63, 63, 63, 63, 63, 63, 63, 63, 63, 63, 63, 63, 63, 63, 63, 63, 63, 63, 63, 63, 63, 63, 63, 63, 63, 63, 63, 63, 63, 63, 60, 63, 63, 63, 63, 63, 63, 63, 63, 63, 63, 63, 63, 63, 63, 63, 63, 63]
CE antichain sizes [4, 3, 3, 9, 4, 4, 5, 5, 4, 5, 4, 4, 6, 4, 4, 4, 4, 5, 4, 10, 4, 5, 10, 4, 6, 8, 5, 4, 4, 4, 5, 4, 7, 2, 4, 4, 5, 5, 6, 7, 4, 5, 2, 5, 4, 7, 4, 5, 8, 5]
CE exists calls [16, 13, 6, 18, 13, 13, 11, 14, 13, 15, 17, 12, 14, 11, 17, 14, 13, 16, 10, 17, 9, 13, 16, 16, 14, 15, 15, 13, 13, 14, 13, 19, 13, 12, 10, 14, 14, 18, 15, 16, 14, 14, 8, 12, 13, 14, 19, 12, 16, 13]
CE exists calls times [0.0, 0.0, 0.0, 0.0, 0.0, 0.0, 0.0, 0.0, 0.0, 0.0, 0.0, 0.0, 0.0, 0.0, 0.0, 0.0, 0.0, 0.0, 0.0, 0.0, 0.0, 0.0, 0.0, 0.0, 0.0, 0.0, 0.0, 0.0, 0.0, 0.0, 0.0, 0.0, 0.0, 0.0, 0.0, 0.0, 0.0, 0.0, 0.0, 0.0, 0.0, 0.0, 0.0, 0.0, 0.0, 0.0, 0.0, 0.0, 0.0, 0.0]
CE dominated calls [15, 12, 5, 17, 12, 12, 10, 13, 12, 14, 16, 11, 13, 10, 16, 13, 12, 15, 9, 16, 8, 12, 15, 15, 13, 14, 14, 12, 12, 13, 12, 18, 12, 11, 9, 13, 13, 17, 14, 15, 13, 13, 7, 11, 12, 13, 18, 11, 15, 12]
CE dominated calls times [0.0, 0.0, 0.0, 0.0, 0.0, 0.0, 0.0, 0.0, 0.0, 0.0, 0.0, 0.0, 0.0, 0.0, 0.0, 0.0, 0.0, 0.0, 0.0, 0.0, 0.0, 0.0, 0.0, 0.0, 0.0, 0.0, 0.0, 0.0, 0.0, 0.0, 0.0, 0.0, 0.0, 0.0, 0.0, 0.0, 0.0, 0.0, 0.0, 0.0, 0.0, 0.0, 0.0, 0.0, 0.0, 0.0, 0.0, 0.0, 0.0, 0.0]
CE total nbr calls [31, 25, 11, 35, 25, 25, 21, 27, 25, 29, 33, 23, 27, 21, 33, 27, 25, 31, 19, 33, 17, 25, 31, 31, 27, 29, 29, 25, 25, 27, 25, 37, 25, 23, 19, 27, 27, 35, 29, 31, 27, 27, 15, 23, 25, 27, 37, 23, 31, 25]
CE times process [0.13, 0.1, 0.04, 0.17, 0.12, 0.1, 0.1, 0.12, 0.1, 0.13, 0.16, 0.1, 0.13, 0.09, 0.18, 0.13, 0.12, 0.13, 0.07, 0.18, 0.08, 0.12, 0.16, 0.13, 0.11, 0.14, 0.12, 0.1, 0.11, 0.1, 0.12, 0.18, 0.12, 0.09, 0.07, 0.11, 0.13, 0.16, 0.14, 0.16, 0.11, 0.13, 0.06, 0.1, 0.12, 0.12, 0.16, 0.09, 0.13, 0.12]
CE times perf [0.13, 0.1, 0.04, 0.17, 0.12, 0.1, 0.1, 0.12, 0.1, 0.13, 0.16, 0.1, 0.13, 0.09, 0.18, 0.13, 0.12, 0.13, 0.07, 0.18, 0.08, 0.12, 0.16, 0.13, 0.11, 0.14, 0.12, 0.1, 0.11, 0.1, 0.12, 0.18, 0.12, 0.09, 0.07, 0.11, 0.13, 0.16, 0.14, 0.16, 0.11, 0.13, 0.06, 0.1, 0.12, 0.12, 0.16, 0.09, 0.13, 0.12]
CE times [0.13, 0.1, 0.04, 0.17, 0.12, 0.1, 0.1, 0.12, 0.1, 0.13, 0.16, 0.1, 0.13, 0.09, 0.18, 0.13, 0.12, 0.13, 0.07, 0.18, 0.08, 0.12, 0.16, 0.13, 0.11, 0.14, 0.12, 0.1, 0.11, 0.1, 0.12, 0.18, 0.12, 0.09, 0.07, 0.11, 0.13, 0.16, 0.14, 0.16, 0.11, 0.13, 0.06, 0.1, 0.12, 0.12, 0.16, 0.09, 0.13, 0.12]
DA antichain sizes [6, 6, 6, 6, 6, 6, 6, 6, 6, 6, 6, 6, 6, 6, 6, 6, 6, 6, 6, 6, 6, 6, 6, 6, 6, 6, 6, 6, 6, 6, 6, 6, 6, 6, 6, 6, 6, 6, 6, 6, 6, 6, 6, 6, 6, 6, 6, 6, 6, 6]
DA call1 calls [7, 7, 7, 7, 7, 7, 7, 7, 7, 7, 7, 7, 7, 7, 7, 7, 7, 7, 7, 7, 7, 7, 7, 7, 7, 7, 7, 7, 7, 7, 7, 7, 10, 7, 7, 7, 7, 7, 7, 7, 7, 7, 7, 7, 7, 7, 7, 7, 7, 7]
DA call1 calls times [0.0, 0.0, 0.0, 0.0, 0.0, 0.0, 0.0, 0.0, 0.0, 0.0, 0.0, 0.0, 0.0, 0.0, 0.0, 0.0, 0.0, 0.0, 0.0, 0.0, 0.0, 0.0, 0.0, 0.0, 0.0, 0.0, 0.0, 0.0, 0.0, 0.0, 0.0, 0.0, 0.0, 0.0, 0.0, 0.0, 0.0, 0.0, 0.0, 0.0, 0.0, 0.0, 0.0, 0.0, 0.0, 0.0, 0.0, 0.0, 0.0, 0.0]
DA call2 calls [6, 6, 6, 6, 6, 6, 6, 6, 6, 6, 6, 6, 6, 6, 6, 6, 6, 6, 6, 6, 6, 6, 6, 6, 6, 6, 6, 6, 6, 6, 6, 6, 6, 6, 6, 6, 6, 6, 6, 6, 6, 6, 6, 6, 6, 6, 6, 6, 6, 6]
DA call2 calls times [0.0, 0.0, 0.0, 0.0, 0.0, 0.0, 0.0, 0.0, 0.0, 0.0, 0.0, 0.0, 0.0, 0.0, 0.0, 0.0, 0.0, 0.0, 0.0, 0.0, 0.0, 0.0, 0.0, 0.0, 0.0, 0.0, 0.0, 0.0, 0.0, 0.0, 0.0, 0.0, 0.0, 0.0, 0.0, 0.0, 0.0, 0.0, 0.0, 0.0, 0.0, 0.0, 0.0, 0.0, 0.0, 0.0, 0.0, 0.0, 0.0, 0.0]
DA total nbr calls [13, 13, 13, 13, 13, 13, 13, 13, 13, 13, 13, 13, 13, 13, 13, 13, 13, 13, 13, 13, 13, 13, 13, 13, 13, 13, 13, 13, 13, 13, 13, 13, 16, 13, 13, 13, 13, 13, 13, 13, 13, 13, 13, 13, 13, 13, 13, 13, 13, 13]
DA times process [0.01, 0.01, 0.01, 0.01, 0.01, 0.01, 0.01, 0.01, 0.01, 0.01, 0.01, 0.01, 0.01, 0.01, 0.01, 0.01, 0.01, 0.01, 0.01, 0.01, 0.01, 0.01, 0.01, 0.01, 0.01, 0.01, 0.01, 0.01, 0.01, 0.01, 0.01, 0.01, 0.02, 0.01, 0.01, 0.01, 0.01, 0.01, 0.01, 0.01, 0.01, 0.01, 0.01, 0.01, 0.01, 0.01, 0.01, 0.01, 0.01, 0.01]
DA times perf [0.01, 0.01, 0.01, 0.01, 0.01, 0.01, 0.01, 0.01, 0.01, 0.01, 0.01, 0.01, 0.01, 0.01, 0.01, 0.01, 0.01, 0.01, 0.01, 0.01, 0.01, 0.01, 0.01, 0.01, 0.01, 0.01, 0.01, 0.01, 0.01, 0.01, 0.01, 0.01, 0.02, 0.01, 0.01, 0.01, 0.01, 0.01, 0.01, 0.01, 0.01, 0.01, 0.01, 0.01, 0.01, 0.01, 0.01, 0.01, 0.01, 0.01]
DA times [0.01, 0.01, 0.01, 0.01, 0.01, 0.01, 0.01, 0.01, 0.01, 0.01, 0.01, 0.01, 0.01, 0.01, 0.01, 0.01, 0.01, 0.01, 0.01, 0.01, 0.01, 0.01, 0.01, 0.01, 0.01, 0.01, 0.01, 0.01, 0.01, 0.01, 0.01, 0.01, 0.02, 0.01, 0.01, 0.01, 0.01, 0.01, 0.01, 0.01, 0.01, 0.01, 0.01, 0.01, 0.01, 0.01, 0.01, 0.01, 0.01, 0.01]

0.12, 0.12, 0.12
0.01, 0.01, 0.01
Mean Antichain Size 6.00
Number Losing Payoffs 42.36
Number Realizable Payoffs 62.94
CE mean antichain size 4.94
CE nbr exists calls 13.80
CE mean exists time 0.00
CE nbr dominated calls 12.80
CE mean dominated time 0.00
CE total nbr calls 26.60
DA mean antichain size 6.00
DA nbr call1 calls 7.06
DA mean call1 time 0.00
DA nbr call2 calls 6.00
DA mean call2 time 0.00
DA total nbr calls 13.06



Size 5
Antichain sizes [5, 5, 5, 5, 5, 5, 5, 5, 5, 5, 5, 5, 5, 5, 5, 5, 5, 5, 5, 5, 5, 5, 5, 5, 5, 5, 5, 5, 5, 5, 5, 5, 5, 5, 5, 5, 5, 5, 5, 5, 5, 5, 5, 5, 5, 5, 5, 5, 5, 5]
Number of payoffs losing P0 [23, 22, 23, 25, 17, 23, 25, 24, 25, 24, 24, 23, 23, 22, 20, 25, 26, 26, 23, 21, 23, 25, 24, 21, 26, 23, 22, 26, 23, 24, 24, 22, 18, 21, 22, 24, 23, 24, 21, 24, 25, 23, 24, 19, 21, 23, 23, 22, 24, 24]
Number of payoffs realizable [31, 31, 31, 31, 31, 31, 31, 31, 31, 31, 31, 31, 31, 31, 31, 31, 31, 31, 31, 31, 31, 31, 31, 31, 31, 31, 31, 31, 31, 31, 31, 31, 31, 31, 31, 31, 31, 31, 31, 31, 31, 31, 31, 31, 31, 31, 31, 31, 31, 31]
CE antichain sizes [4, 3, 3, 4, 4, 3, 4, 4, 3, 4, 4, 3, 3, 3, 3, 4, 4, 4, 4, 3, 3, 4, 3, 3, 4, 3, 3, 4, 4, 4, 4, 3, 3, 3, 3, 3, 3, 4, 4, 4, 3, 3, 4, 3, 3, 4, 4, 4, 3, 4]
CE exists calls [12, 10, 9, 9, 9, 10, 12, 9, 10, 11, 10, 11, 10, 11, 10, 10, 12, 11, 10, 9, 8, 10, 7, 11, 9, 9, 9, 13, 10, 9, 11, 12, 9, 10, 9, 12, 9, 8, 8, 8, 7, 10, 11, 10, 14, 11, 9, 9, 9, 9]
CE exists calls times [0.0, 0.0, 0.0, 0.0, 0.0, 0.0, 0.0, 0.0, 0.0, 0.0, 0.0, 0.0, 0.0, 0.0, 0.0, 0.0, 0.0, 0.0, 0.0, 0.0, 0.0, 0.0, 0.0, 0.0, 0.0, 0.0, 0.0, 0.0, 0.0, 0.0, 0.0, 0.0, 0.0, 0.0, 0.0, 0.0, 0.0, 0.0, 0.0, 0.0, 0.0, 0.0, 0.0, 0.0, 0.0, 0.0, 0.0, 0.0, 0.0, 0.0]
CE dominated calls [11, 9, 8, 8, 8, 9, 11, 8, 9, 10, 9, 10, 9, 10, 9, 9, 11, 10, 9, 8, 7, 9, 6, 10, 8, 8, 8, 12, 9, 8, 10, 11, 8, 9, 8, 11, 8, 7, 7, 7, 6, 9, 10, 9, 13, 10, 8, 8, 8, 8]
CE dominated calls times [0.0, 0.0, 0.0, 0.0, 0.0, 0.0, 0.0, 0.0, 0.0, 0.0, 0.0, 0.0, 0.0, 0.0, 0.0, 0.0, 0.0, 0.0, 0.0, 0.0, 0.0, 0.0, 0.0, 0.0, 0.0, 0.0, 0.0, 0.0, 0.0, 0.0, 0.0, 0.0, 0.0, 0.0, 0.0, 0.0, 0.0, 0.0, 0.0, 0.0, 0.0, 0.0, 0.0, 0.0, 0.0, 0.0, 0.0, 0.0, 0.0, 0.0]
CE total nbr calls [23, 19, 17, 17, 17, 19, 23, 17, 19, 21, 19, 21, 19, 21, 19, 19, 23, 21, 19, 17, 15, 19, 13, 21, 17, 17, 17, 25, 19, 17, 21, 23, 17, 19, 17, 23, 17, 15, 15, 15, 13, 19, 21, 19, 27, 21, 17, 17, 17, 17]
CE times process [0.09, 0.06, 0.06, 0.06, 0.06, 0.06, 0.08, 0.06, 0.07, 0.07, 0.06, 0.06, 0.06, 0.06, 0.08, 0.07, 0.08, 0.09, 0.06, 0.07, 0.06, 0.06, 0.05, 0.08, 0.05, 0.06, 0.05, 0.09, 0.07, 0.06, 0.08, 0.09, 0.06, 0.07, 0.06, 0.08, 0.06, 0.05, 0.06, 0.06, 0.05, 0.07, 0.08, 0.06, 0.08, 0.08, 0.06, 0.06, 0.06, 0.07]
CE times perf [0.09, 0.06, 0.06, 0.06, 0.06, 0.06, 0.08, 0.06, 0.07, 0.07, 0.06, 0.06, 0.06, 0.06, 0.08, 0.07, 0.08, 0.09, 0.06, 0.07, 0.06, 0.06, 0.05, 0.08, 0.05, 0.06, 0.05, 0.09, 0.07, 0.06, 0.08, 0.09, 0.06, 0.07, 0.06, 0.08, 0.06, 0.05, 0.06, 0.06, 0.05, 0.07, 0.08, 0.06, 0.08, 0.08, 0.06, 0.06, 0.06, 0.07]
CE times [0.09, 0.06, 0.06, 0.06, 0.06, 0.06, 0.08, 0.06, 0.07, 0.07, 0.06, 0.06, 0.06, 0.06, 0.08, 0.07, 0.08, 0.09, 0.06, 0.07, 0.06, 0.06, 0.05, 0.08, 0.05, 0.06, 0.05, 0.09, 0.07, 0.06, 0.08, 0.09, 0.06, 0.07, 0.06, 0.08, 0.06, 0.05, 0.06, 0.06, 0.05, 0.07, 0.08, 0.06, 0.08, 0.08, 0.06, 0.06, 0.06, 0.07]
DA antichain sizes [5, 5, 5, 5, 5, 5, 5, 5, 5, 5, 5, 5, 5, 5, 5, 5, 5, 5, 5, 5, 5, 5, 5, 5, 5, 5, 5, 5, 5, 5, 5, 5, 5, 5, 5, 5, 5, 5, 5, 5, 5, 5, 5, 5, 5, 5, 5, 5, 5, 5]
DA call1 calls [6, 6, 6, 6, 6, 6, 6, 6, 6, 6, 6, 6, 6, 6, 6, 6, 6, 6, 6, 6, 6, 6, 6, 6, 6, 6, 6, 6, 6, 6, 6, 6, 6, 6, 6, 6, 6, 6, 6, 6, 6, 6, 6, 6, 6, 6, 6, 6, 6, 6]
DA call1 calls times [0.0, 0.0, 0.0, 0.0, 0.0, 0.0, 0.0, 0.0, 0.0, 0.0, 0.0, 0.0, 0.0, 0.0, 0.0, 0.0, 0.0, 0.0, 0.0, 0.0, 0.0, 0.0, 0.0, 0.0, 0.0, 0.0, 0.0, 0.0, 0.0, 0.0, 0.0, 0.0, 0.0, 0.0, 0.0, 0.0, 0.0, 0.0, 0.0, 0.0, 0.0, 0.0, 0.0, 0.0, 0.0, 0.0, 0.0, 0.0, 0.0, 0.0]
DA call2 calls [5, 5, 5, 5, 5, 5, 5, 5, 5, 5, 5, 5, 5, 5, 5, 5, 5, 5, 5, 5, 5, 5, 5, 5, 5, 5, 5, 5, 5, 5, 5, 5, 5, 5, 5, 5, 5, 5, 5, 5, 5, 5, 5, 5, 5, 5, 5, 5, 5, 5]
DA call2 calls times [0.0, 0.0, 0.0, 0.0, 0.0, 0.0, 0.0, 0.0, 0.0, 0.0, 0.0, 0.0, 0.0, 0.0, 0.0, 0.0, 0.0, 0.0, 0.0, 0.0, 0.0, 0.0, 0.0, 0.0, 0.0, 0.0, 0.0, 0.0, 0.0, 0.0, 0.0, 0.0, 0.0, 0.0, 0.0, 0.0, 0.0, 0.0, 0.0, 0.0, 0.0, 0.0, 0.0, 0.0, 0.0, 0.0, 0.0, 0.0, 0.0, 0.0]
DA total nbr calls [11, 11, 11, 11, 11, 11, 11, 11, 11, 11, 11, 11, 11, 11, 11, 11, 11, 11, 11, 11, 11, 11, 11, 11, 11, 11, 11, 11, 11, 11, 11, 11, 11, 11, 11, 11, 11, 11, 11, 11, 11, 11, 11, 11, 11, 11, 11, 11, 11, 11]
DA times process [0.01, 0.01, 0.01, 0.01, 0.01, 0.01, 0.01, 0.01, 0.01, 0.01, 0.01, 0.01, 0.01, 0.01, 0.01, 0.01, 0.01, 0.01, 0.01, 0.01, 0.01, 0.01, 0.01, 0.01, 0.01, 0.01, 0.01, 0.01, 0.01, 0.01, 0.01, 0.01, 0.01, 0.01, 0.01, 0.01, 0.01, 0.01, 0.01, 0.01, 0.01, 0.01, 0.01, 0.01, 0.01, 0.01, 0.01, 0.01, 0.01, 0.01]
DA times perf [0.01, 0.01, 0.01, 0.01, 0.01, 0.01, 0.01, 0.01, 0.01, 0.01, 0.01, 0.01, 0.01, 0.01, 0.01, 0.01, 0.01, 0.01, 0.01, 0.01, 0.01, 0.01, 0.01, 0.01, 0.01, 0.01, 0.01, 0.01, 0.01, 0.01, 0.01, 0.01, 0.01, 0.01, 0.01, 0.01, 0.01, 0.01, 0.01, 0.01, 0.01, 0.01, 0.01, 0.01, 0.01, 0.01, 0.01, 0.01, 0.01, 0.01]
DA times [0.01, 0.01, 0.01, 0.01, 0.01, 0.01, 0.01, 0.01, 0.01, 0.01, 0.01, 0.01, 0.01, 0.01, 0.01, 0.01, 0.01, 0.01, 0.01, 0.01, 0.01, 0.01, 0.01, 0.01, 0.01, 0.01, 0.01, 0.01, 0.01, 0.01, 0.01, 0.01, 0.01, 0.01, 0.01, 0.01, 0.01, 0.01, 0.01, 0.01, 0.01, 0.01, 0.01, 0.01, 0.01, 0.01, 0.01, 0.01, 0.01, 0.01]

0.07, 0.07, 0.07
0.01, 0.01, 0.01
Mean Antichain Size 5.00
Number Losing Payoffs 23.04
Number Realizable Payoffs 31.00
CE mean antichain size 3.50
CE nbr exists calls 9.90
CE mean exists time 0.00
CE nbr dominated calls 8.90
CE mean dominated time 0.00
CE total nbr calls 18.80
DA mean antichain size 5.00
DA nbr call1 calls 6.00
DA mean call1 time 0.00
DA nbr call2 calls 5.00
DA mean call2 time 0.00
DA total nbr calls 11.00



