save_file = "positive_13_0.2-0.1.txt"
gen_nbr_vertices = 500
gen_density = 0.2
gen_proba_even = 0.2
gen_proba_min = 0.1
gen_positivity = True
nbr_points = 50

Size 14
Antichain sizes [941, 768, 804, 878, 876, 978, 819, 602, 768, 816, 880, 895, 407, 877, 629, 604, 384, 835, 996, 799, 644, 904, 744, 793, 549, 789, 886, 929, 565, 1099, 848, 805, 889, 695, 942, 783, 848, 672, 818, 713, 828, 839, 803, 688, 892, 857, 821, 729, 871, 913]
Number of payoffs losing P0 [398, 367, 420, 232, 298, 332, 490, 193, 459, 289, 263, 380, 255, 288, 258, 379, 466, 172, 458, 353, 336, 694, 780, 292, 415, 462, 347, 744, 262, 653, 408, 94, 447, 347, 495, 552, 347, 331, 374, 171, 263, 338, 684, 232, 1024, 320, 457, 288, 345, 538]
Number of payoffs realizable [10098, 10752, 10506, 10044, 9400, 9196, 9689, 11027, 10032, 10033, 9704, 10108, 12720, 9917, 10902, 11395, 13356, 10431, 8891, 10635, 10374, 9640, 10784, 10074, 11918, 10601, 9875, 10061, 11199, 9336, 10798, 10815, 10075, 11351, 9479, 10441, 9674, 10832, 10908, 10394, 10372, 9615, 9837, 10789, 8871, 9288, 9502, 11461, 10428, 9772]
CE antichain sizes [21, 46, 41, 28, 24, 32, 43, 17, 19, 17, 32, 35, 15, 17, 24, 38, 28, 21, 48, 31, 19, 34, 27, 27, 45, 24, 23, 49, 21, 45, 33, 16, 26, 26, 38, 31, 32, 21, 25, 22, 21, 32, 43, 13, 67, 36, 26, 29, 23, 53]
CE exists calls [27, 53, 52, 34, 28, 37, 57, 20, 22, 20, 37, 43, 18, 21, 28, 50, 32, 26, 58, 39, 26, 40, 35, 32, 52, 40, 30, 70, 30, 60, 42, 18, 32, 34, 49, 39, 43, 29, 35, 25, 25, 41, 59, 16, 74, 39, 32, 31, 36, 69]
CE exists calls times [0.01, 0.08, 0.04, 0.02, 0.04, 0.03, 0.07, 0.01, 0.02, 0.01, 0.04, 0.04, 0.01, 0.01, 0.02, 0.03, 0.03, 0.01, 0.09, 0.02, 0.01, 0.05, 0.04, 0.03, 0.05, 0.03, 0.02, 0.08, 0.01, 0.07, 0.03, 0.01, 0.04, 0.03, 0.03, 0.05, 0.05, 0.02, 0.03, 0.02, 0.02, 0.04, 0.07, 0.01, 0.12, 0.04, 0.02, 0.02, 0.03, 0.07]
CE dominated calls [26, 52, 51, 33, 27, 36, 56, 19, 21, 19, 36, 42, 17, 20, 27, 49, 31, 25, 57, 38, 25, 39, 34, 31, 51, 39, 29, 69, 29, 59, 41, 17, 31, 33, 48, 38, 42, 28, 34, 24, 24, 40, 58, 15, 73, 38, 31, 30, 35, 68]
CE dominated calls times [0.01, 0.01, 0.01, 0.01, 0.01, 0.01, 0.01, 0.01, 0.01, 0.01, 0.01, 0.01, 0.01, 0.01, 0.01, 0.01, 0.01, 0.01, 0.01, 0.01, 0.01, 0.01, 0.01, 0.01, 0.01, 0.01, 0.01, 0.01, 0.01, 0.01, 0.01, 0.01, 0.01, 0.01, 0.01, 0.01, 0.01, 0.01, 0.01, 0.01, 0.01, 0.01, 0.01, 0.01, 0.01, 0.01, 0.01, 0.01, 0.01, 0.01]
CE total nbr calls [53, 105, 103, 67, 55, 73, 113, 39, 43, 39, 73, 85, 35, 41, 55, 99, 63, 51, 115, 77, 51, 79, 69, 63, 103, 79, 59, 139, 59, 119, 83, 35, 63, 67, 97, 77, 85, 57, 69, 49, 49, 81, 117, 31, 147, 77, 63, 61, 71, 137]
CE times process [1.41, 7.58, 4.93, 2.14, 2.76, 2.71, 9.27, 0.57, 1.25, 0.65, 3.84, 4.26, 0.56, 0.82, 1.83, 4.35, 2.54, 1.18, 10.73, 2.14, 1.25, 4.5, 3.17, 2.64, 6.26, 2.76, 1.52, 12.74, 1.07, 9.51, 3.45, 0.52, 3.46, 2.64, 3.91, 4.84, 4.72, 1.66, 2.46, 1.44, 1.6, 4.35, 9.68, 0.53, 19.12, 4.03, 1.84, 1.88, 2.85, 11.09]
CE times perf [1.42, 7.58, 4.93, 2.14, 2.76, 2.71, 9.27, 0.57, 1.25, 0.65, 3.84, 4.26, 0.56, 0.82, 1.83, 4.35, 2.54, 1.18, 10.73, 2.14, 1.25, 4.5, 3.17, 2.64, 6.26, 2.76, 1.52, 12.74, 1.07, 9.51, 3.45, 0.52, 3.46, 2.64, 3.91, 4.84, 4.72, 1.66, 2.46, 1.44, 1.6, 4.35, 9.68, 0.53, 19.12, 4.03, 1.84, 1.88, 2.85, 11.09]
CE times [1.42, 7.58, 4.93, 2.14, 2.76, 2.71, 9.27, 0.57, 1.25, 0.65, 3.84, 4.26, 0.56, 0.82, 1.83, 4.35, 2.54, 1.18, 10.73, 2.14, 1.25, 4.5, 3.17, 2.64, 6.26, 2.76, 1.52, 12.74, 1.07, 9.51, 3.45, 0.52, 3.46, 2.64, 3.91, 4.84, 4.72, 1.66, 2.46, 1.44, 1.6, 4.35, 9.68, 0.53, 19.12, 4.03, 1.84, 1.88, 2.85, 11.09]
DA antichain sizes [941, 768, 804, 878, 876, 978, 819, 602, 768, 816, 880, 895, 407, 877, 629, 604, 384, 835, 996, 799, 644, 904, 744, 793, 549, 789, 886, 929, 565, 1099, 848, 805, 889, 695, 942, 783, 848, 672, 818, 713, 828, 839, 803, 688, 892, 857, 821, 729, 871, 913]
DA call1 calls [7227, 6400, 6682, 7218, 7860, 8166, 7514, 5959, 7120, 7167, 7560, 7171, 4071, 7344, 6111, 5593, 3412, 6788, 8489, 6548, 6654, 7648, 6344, 7103, 5015, 6572, 7395, 7252, 5750, 8147, 6434, 6374, 7198, 5728, 7847, 6726, 7558, 6224, 6294, 6703, 6840, 7608, 7350, 6283, 8405, 7953, 7703, 5652, 6827, 7525]
DA call1 calls times [0.0, 0.0, 0.0, 0.0, 0.0, 0.0, 0.0, 0.0, 0.0, 0.0, 0.0, 0.0, 0.0, 0.0, 0.0, 0.0, 0.0, 0.0, 0.0, 0.0, 0.0, 0.0, 0.0, 0.0, 0.0, 0.0, 0.0, 0.0, 0.0, 0.0, 0.0, 0.0, 0.0, 0.0, 0.0, 0.0, 0.0, 0.0, 0.0, 0.0, 0.0, 0.0, 0.0, 0.0, 0.0, 0.0, 0.0, 0.0, 0.0, 0.0]
DA call2 calls [941, 768, 804, 878, 876, 978, 819, 602, 768, 816, 880, 895, 407, 877, 629, 604, 384, 835, 996, 799, 644, 904, 744, 793, 549, 789, 886, 929, 565, 1099, 848, 805, 889, 695, 942, 783, 848, 672, 818, 713, 828, 839, 803, 688, 892, 857, 821, 729, 871, 913]
DA call2 calls times [0.0, 0.0, 0.0, 0.0, 0.0, 0.0, 0.0, 0.0, 0.0, 0.0, 0.0, 0.0, 0.0, 0.0, 0.0, 0.0, 0.0, 0.0, 0.0, 0.0, 0.0, 0.0, 0.0, 0.0, 0.0, 0.0, 0.0, 0.0, 0.0, 0.0, 0.0, 0.0, 0.0, 0.0, 0.0, 0.0, 0.0, 0.0, 0.0, 0.0, 0.0, 0.0, 0.0, 0.0, 0.0, 0.0, 0.0, 0.0, 0.0, 0.0]
DA total nbr calls [8168, 7168, 7486, 8096, 8736, 9144, 8333, 6561, 7888, 7983, 8440, 8066, 4478, 8221, 6740, 6197, 3796, 7623, 9485, 7347, 7298, 8552, 7088, 7896, 5564, 7361, 8281, 8181, 6315, 9246, 7282, 7179, 8087, 6423, 8789, 7509, 8406, 6896, 7112, 7416, 7668, 8447, 8153, 6971, 9297, 8810, 8524, 6381, 7698, 8438]
DA times process [18.49, 14.17, 15.08, 18.05, 18.98, 19.89, 17.79, 13.93, 16.97, 16.8, 17.36, 17.39, 8.9, 18.18, 14.39, 13.24, 7.26, 17.33, 20.01, 16.2, 14.94, 17.31, 14.5, 16.62, 11.02, 15.22, 17.28, 17.14, 12.43, 18.23, 14.63, 14.65, 16.69, 13.61, 20.58, 15.59, 18.47, 15.05, 15.35, 16.78, 16.61, 18.56, 18.19, 14.54, 19.68, 19.33, 18.48, 14.02, 17.1, 18.63]
DA times perf [18.5, 14.17, 15.08, 18.05, 18.98, 19.89, 17.79, 13.93, 16.97, 16.81, 17.36, 17.39, 8.9, 18.18, 14.39, 13.24, 7.26, 17.33, 20.01, 16.21, 14.94, 17.31, 14.5, 16.62, 11.02, 15.22, 17.28, 17.14, 12.43, 18.23, 14.63, 14.65, 16.71, 13.61, 20.58, 15.59, 18.47, 15.05, 15.35, 16.78, 16.61, 18.56, 18.19, 14.54, 19.68, 19.33, 18.48, 14.02, 17.1, 18.63]
DA times [18.5, 14.17, 15.08, 18.05, 18.98, 19.89, 17.79, 13.93, 16.97, 16.81, 17.36, 17.39, 8.9, 18.18, 14.39, 13.24, 7.26, 17.33, 20.01, 16.21, 14.94, 17.31, 14.5, 16.62, 11.02, 15.22, 17.28, 17.14, 12.43, 18.23, 14.63, 14.65, 16.71, 13.61, 20.58, 15.59, 18.47, 15.05, 15.35, 16.78, 16.61, 18.56, 18.19, 14.54, 19.68, 19.33, 18.48, 14.02, 17.1, 18.63]

3.94, 3.94, 3.94
16.23, 16.23, 16.23
Mean Antichain Size 794.24
Number Losing Payoffs 395.80
Number Realizable Payoffs 10348.00
CE mean antichain size 30.08
CE nbr exists calls 37.70
CE mean exists time 0.04
CE nbr dominated calls 36.70
CE mean dominated time 0.01
CE total nbr calls 74.40
DA mean antichain size 794.24
DA nbr call1 calls 6830.24
DA mean call1 time 0.00
DA nbr call2 calls 794.24
DA mean call2 time 0.00
DA total nbr calls 7624.48



Size 13
Antichain sizes [313, 361, 373, 352, 500, 327, 353, 369, 555, 457, 327, 351, 460, 468, 391, 488, 479, 374, 472, 385, 449, 361, 411, 511, 387, 457, 335, 474, 497, 304, 527, 354, 462, 436, 412, 386, 496, 389, 479, 380, 381, 388, 474, 525, 357, 527, 447, 361, 348, 452]
Number of payoffs losing P0 [160, 323, 344, 465, 185, 215, 439, 372, 346, 419, 257, 734, 409, 253, 547, 228, 185, 139, 281, 296, 305, 190, 283, 272, 270, 443, 223, 115, 193, 500, 410, 321, 195, 203, 298, 182, 440, 308, 414, 253, 255, 275, 453, 121, 404, 156, 280, 159, 208, 415]
Number of payoffs realizable [5651, 5930, 6330, 6113, 5750, 6280, 6257, 6055, 5477, 5342, 6808, 6353, 5670, 5966, 6127, 5160, 5811, 6262, 5436, 6294, 6071, 5970, 5935, 5313, 5873, 5910, 6600, 5582, 5136, 6471, 5450, 6176, 5165, 5870, 6043, 6082, 5429, 6244, 5701, 6147, 6146, 6025, 5705, 5202, 6134, 5833, 5713, 5601, 5847, 5372]
CE antichain sizes [16, 28, 27, 44, 27, 14, 35, 35, 46, 27, 26, 36, 37, 29, 39, 28, 24, 30, 32, 26, 31, 24, 21, 22, 35, 37, 20, 16, 22, 28, 25, 31, 22, 18, 24, 27, 43, 25, 43, 28, 28, 19, 42, 23, 31, 26, 19, 21, 14, 43]
CE exists calls [25, 39, 30, 50, 40, 17, 50, 39, 59, 37, 34, 56, 50, 31, 49, 30, 30, 32, 38, 32, 38, 30, 33, 25, 45, 52, 23, 20, 26, 38, 34, 34, 31, 21, 26, 34, 51, 30, 56, 35, 33, 23, 59, 25, 43, 31, 21, 28, 22, 56]
CE exists calls times [0.01, 0.02, 0.02, 0.04, 0.02, 0.0, 0.04, 0.04, 0.05, 0.04, 0.03, 0.06, 0.04, 0.02, 0.04, 0.02, 0.02, 0.01, 0.03, 0.02, 0.03, 0.02, 0.01, 0.02, 0.05, 0.04, 0.02, 0.01, 0.01, 0.02, 0.01, 0.02, 0.01, 0.01, 0.02, 0.02, 0.06, 0.02, 0.07, 0.02, 0.02, 0.01, 0.05, 0.02, 0.03, 0.02, 0.02, 0.01, 0.01, 0.06]
CE dominated calls [24, 38, 29, 49, 39, 16, 49, 38, 58, 36, 33, 55, 49, 30, 48, 29, 29, 31, 37, 31, 37, 29, 32, 24, 44, 51, 22, 19, 25, 37, 33, 33, 30, 20, 25, 33, 50, 29, 55, 34, 32, 22, 58, 24, 42, 30, 20, 27, 21, 55]
CE dominated calls times [0.01, 0.01, 0.01, 0.01, 0.01, 0.01, 0.01, 0.01, 0.01, 0.01, 0.01, 0.01, 0.01, 0.01, 0.01, 0.01, 0.01, 0.01, 0.01, 0.01, 0.01, 0.01, 0.01, 0.01, 0.01, 0.01, 0.01, 0.01, 0.01, 0.01, 0.01, 0.01, 0.01, 0.01, 0.01, 0.01, 0.01, 0.01, 0.01, 0.01, 0.01, 0.01, 0.01, 0.01, 0.01, 0.01, 0.01, 0.01, 0.01, 0.01]
CE total nbr calls [49, 77, 59, 99, 79, 33, 99, 77, 117, 73, 67, 111, 99, 61, 97, 59, 59, 63, 75, 63, 75, 59, 65, 49, 89, 103, 45, 39, 51, 75, 67, 67, 61, 41, 51, 67, 101, 59, 111, 69, 65, 45, 117, 49, 85, 61, 41, 55, 43, 111]
CE times process [1.01, 2.56, 1.82, 5.46, 1.92, 0.47, 3.44, 3.53, 7.33, 3.36, 2.42, 7.28, 4.26, 1.76, 4.4, 1.28, 1.47, 1.25, 2.95, 1.94, 3.09, 1.85, 1.56, 1.13, 5.68, 5.18, 1.25, 0.61, 1.08, 2.17, 1.57, 1.94, 1.45, 0.91, 1.31, 1.99, 7.41, 1.77, 8.18, 1.94, 1.91, 0.87, 7.19, 1.14, 3.25, 1.45, 1.0, 1.12, 0.72, 7.47]
CE times perf [1.01, 2.56, 1.82, 5.48, 1.92, 0.47, 3.44, 3.53, 7.33, 3.36, 2.42, 7.28, 4.27, 1.76, 4.4, 1.28, 1.47, 1.25, 2.95, 1.94, 3.09, 1.85, 1.56, 1.13, 5.68, 5.18, 1.25, 0.61, 1.08, 2.17, 1.57, 1.94, 1.45, 0.91, 1.31, 1.99, 7.41, 1.77, 8.18, 1.94, 1.91, 0.87, 7.2, 1.14, 3.25, 1.45, 1.0, 1.12, 0.72, 7.47]
CE times [1.01, 2.56, 1.82, 5.48, 1.92, 0.47, 3.44, 3.53, 7.33, 3.36, 2.42, 7.28, 4.27, 1.76, 4.4, 1.28, 1.47, 1.25, 2.95, 1.94, 3.09, 1.85, 1.56, 1.13, 5.68, 5.18, 1.25, 0.61, 1.08, 2.17, 1.57, 1.94, 1.45, 0.91, 1.31, 1.99, 7.41, 1.77, 8.18, 1.94, 1.91, 0.87, 7.2, 1.14, 3.25, 1.45, 1.0, 1.12, 0.72, 7.47]
DA antichain sizes [313, 361, 373, 352, 500, 327, 353, 369, 555, 457, 327, 351, 460, 468, 391, 488, 479, 374, 472, 385, 449, 361, 411, 511, 387, 457, 335, 474, 497, 304, 527, 354, 462, 436, 412, 386, 496, 389, 479, 380, 381, 388, 474, 525, 357, 527, 447, 361, 348, 452]
DA call1 calls [2854, 2623, 2235, 2431, 2942, 2239, 2288, 2506, 3270, 3307, 1711, 2190, 2982, 2694, 2456, 3520, 2860, 2304, 3228, 2283, 2570, 2583, 2668, 3390, 2706, 2739, 1927, 3084, 3553, 2025, 3269, 2370, 3489, 2758, 2561, 2496, 3259, 2337, 2970, 2425, 2427, 2555, 2961, 3515, 2415, 2886, 2926, 2952, 2693, 3272]
DA call1 calls times [0.0, 0.0, 0.0, 0.0, 0.0, 0.0, 0.0, 0.0, 0.0, 0.0, 0.0, 0.0, 0.0, 0.0, 0.0, 0.0, 0.0, 0.0, 0.0, 0.0, 0.0, 0.0, 0.0, 0.0, 0.0, 0.0, 0.0, 0.0, 0.0, 0.0, 0.0, 0.0, 0.0, 0.0, 0.0, 0.0, 0.0, 0.0, 0.0, 0.0, 0.0, 0.0, 0.0, 0.0, 0.0, 0.0, 0.0, 0.0, 0.0, 0.0]
DA call2 calls [313, 361, 373, 352, 500, 327, 353, 369, 555, 457, 327, 351, 460, 468, 391, 488, 479, 374, 472, 385, 449, 361, 411, 511, 387, 457, 335, 474, 497, 304, 527, 354, 462, 436, 412, 386, 496, 389, 479, 380, 381, 388, 474, 525, 357, 527, 447, 361, 348, 452]
DA call2 calls times [0.0, 0.0, 0.0, 0.0, 0.0, 0.0, 0.0, 0.0, 0.0, 0.0, 0.0, 0.0, 0.0, 0.0, 0.0, 0.0, 0.0, 0.0, 0.0, 0.0, 0.0, 0.0, 0.0, 0.0, 0.0, 0.0, 0.0, 0.0, 0.0, 0.0, 0.0, 0.0, 0.0, 0.0, 0.0, 0.0, 0.0, 0.0, 0.0, 0.0, 0.0, 0.0, 0.0, 0.0, 0.0, 0.0, 0.0, 0.0, 0.0, 0.0]
DA total nbr calls [3167, 2984, 2608, 2783, 3442, 2566, 2641, 2875, 3825, 3764, 2038, 2541, 3442, 3162, 2847, 4008, 3339, 2678, 3700, 2668, 3019, 2944, 3079, 3901, 3093, 3196, 2262, 3558, 4050, 2329, 3796, 2724, 3951, 3194, 2973, 2882, 3755, 2726, 3449, 2805, 2808, 2943, 3435, 4040, 2772, 3413, 3373, 3313, 3041, 3724]
DA times process [5.38, 6.02, 4.51, 5.65, 5.64, 4.31, 4.3, 5.15, 6.65, 6.91, 3.56, 4.6, 6.51, 5.85, 5.23, 7.34, 6.08, 4.94, 6.67, 4.93, 5.47, 5.49, 5.68, 7.22, 5.65, 5.82, 4.13, 6.59, 7.49, 4.26, 6.94, 5.02, 7.31, 6.02, 5.46, 5.33, 7.28, 5.04, 6.3, 5.06, 5.1, 5.39, 6.3, 7.71, 5.3, 6.26, 6.33, 6.28, 5.53, 6.9]
DA times perf [5.38, 6.03, 4.51, 5.68, 5.64, 4.31, 4.3, 5.15, 6.65, 6.91, 3.56, 4.6, 6.51, 5.85, 5.23, 7.34, 6.08, 4.94, 6.67, 4.93, 5.47, 5.49, 5.68, 7.22, 5.65, 5.82, 4.13, 6.59, 7.49, 4.26, 6.94, 5.02, 7.31, 6.02, 5.46, 5.33, 7.28, 5.04, 6.3, 5.06, 5.1, 5.39, 6.3, 7.71, 5.3, 6.26, 6.33, 6.28, 5.53, 6.9]
DA times [5.38, 6.03, 4.51, 5.68, 5.64, 4.31, 4.3, 5.15, 6.65, 6.91, 3.56, 4.6, 6.51, 5.85, 5.23, 7.34, 6.08, 4.94, 6.67, 4.93, 5.47, 5.49, 5.68, 7.22, 5.65, 5.82, 4.13, 6.59, 7.49, 4.26, 6.94, 5.02, 7.31, 6.02, 5.46, 5.33, 7.28, 5.04, 6.3, 5.06, 5.1, 5.39, 6.3, 7.71, 5.3, 6.26, 6.33, 6.28, 5.53, 6.9]

2.76, 2.76, 2.76
5.78, 5.78, 5.78
Mean Antichain Size 418.44
Number Losing Payoffs 302.82
Number Realizable Payoffs 5876.36
CE mean antichain size 28.28
CE nbr exists calls 35.82
CE mean exists time 0.03
CE nbr dominated calls 34.82
CE mean dominated time 0.01
CE total nbr calls 70.64
DA mean antichain size 418.44
DA nbr call1 calls 2734.08
DA mean call1 time 0.00
DA nbr call2 calls 418.44
DA mean call2 time 0.00
DA total nbr calls 3152.52



Size 12
Antichain sizes [181, 198, 172, 212, 256, 204, 242, 308, 252, 251, 142, 189, 287, 215, 182, 177, 210, 212, 198, 187, 140, 304, 209, 94, 259, 228, 211, 219, 204, 223, 150, 231, 264, 226, 196, 222, 173, 229, 214, 250, 190, 160, 280, 258, 179, 220, 169, 215, 163, 189]
Number of payoffs losing P0 [167, 263, 210, 371, 305, 112, 222, 382, 280, 178, 165, 396, 124, 232, 305, 107, 268, 343, 92, 484, 285, 197, 145, 393, 110, 372, 87, 285, 203, 196, 203, 548, 280, 226, 302, 221, 318, 161, 264, 264, 277, 177, 267, 178, 232, 443, 693, 105, 314, 202]
Number of payoffs realizable [3410, 3286, 3248, 3471, 3325, 3438, 3230, 3167, 3179, 3243, 3433, 3322, 3104, 3382, 3370, 3351, 3327, 3321, 3243, 3572, 3597, 3068, 3319, 3620, 3141, 3419, 3321, 3137, 3387, 3404, 3384, 3347, 3205, 3220, 3271, 3408, 3219, 3318, 3285, 3153, 3435, 3520, 3173, 3232, 3275, 3397, 3511, 3471, 3503, 3355]
CE antichain sizes [28, 15, 21, 22, 33, 11, 16, 33, 25, 25, 26, 23, 23, 23, 22, 17, 23, 25, 16, 31, 20, 34, 10, 29, 10, 28, 20, 22, 23, 25, 36, 26, 27, 23, 32, 14, 23, 14, 23, 18, 36, 16, 20, 21, 19, 31, 13, 16, 29, 21]
CE exists calls [33, 23, 28, 30, 38, 14, 20, 39, 34, 35, 33, 35, 30, 33, 32, 18, 27, 31, 21, 38, 27, 42, 18, 45, 13, 46, 24, 32, 24, 32, 48, 37, 41, 26, 36, 18, 38, 19, 31, 25, 42, 17, 27, 29, 24, 42, 17, 19, 41, 26]
CE exists calls times [0.02, 0.01, 0.01, 0.02, 0.03, 0.0, 0.01, 0.04, 0.02, 0.01, 0.02, 0.02, 0.01, 0.02, 0.01, 0.01, 0.01, 0.02, 0.01, 0.02, 0.01, 0.02, 0.01, 0.02, 0.0, 0.03, 0.01, 0.01, 0.01, 0.02, 0.03, 0.02, 0.03, 0.01, 0.03, 0.01, 0.02, 0.01, 0.01, 0.01, 0.03, 0.01, 0.01, 0.01, 0.01, 0.03, 0.01, 0.01, 0.03, 0.01]
CE dominated calls [32, 22, 27, 29, 37, 13, 19, 38, 33, 34, 32, 34, 29, 32, 31, 17, 26, 30, 20, 37, 26, 41, 17, 44, 12, 45, 23, 31, 23, 31, 47, 36, 40, 25, 35, 17, 37, 18, 30, 24, 41, 16, 26, 28, 23, 41, 16, 18, 40, 25]
CE dominated calls times [0.01, 0.01, 0.01, 0.01, 0.01, 0.01, 0.01, 0.01, 0.01, 0.01, 0.01, 0.01, 0.01, 0.01, 0.01, 0.01, 0.01, 0.01, 0.01, 0.01, 0.01, 0.01, 0.01, 0.01, 0.01, 0.01, 0.01, 0.01, 0.01, 0.01, 0.01, 0.01, 0.01, 0.01, 0.01, 0.01, 0.01, 0.01, 0.01, 0.01, 0.01, 0.01, 0.01, 0.01, 0.01, 0.01, 0.01, 0.01, 0.01, 0.01]
CE total nbr calls [65, 45, 55, 59, 75, 27, 39, 77, 67, 69, 65, 69, 59, 65, 63, 35, 53, 61, 41, 75, 53, 83, 35, 89, 25, 91, 47, 63, 47, 63, 95, 73, 81, 51, 71, 35, 75, 37, 61, 49, 83, 33, 53, 57, 47, 83, 33, 37, 81, 51]
CE times process [1.77, 0.64, 1.03, 1.51, 3.04, 0.24, 0.68, 3.79, 1.76, 1.46, 1.56, 1.67, 1.19, 1.73, 1.36, 0.46, 0.99, 1.82, 0.48, 2.65, 1.12, 2.46, 0.4, 2.51, 0.23, 3.3, 0.64, 1.3, 0.77, 1.37, 3.25, 2.11, 2.72, 0.92, 2.36, 0.49, 2.01, 0.47, 1.3, 0.74, 3.43, 0.56, 0.94, 1.23, 0.83, 3.35, 0.48, 0.5, 3.02, 1.09]
CE times perf [1.77, 0.64, 1.03, 1.52, 3.05, 0.24, 0.68, 3.79, 1.76, 1.46, 1.56, 1.67, 1.19, 1.73, 1.36, 0.46, 0.99, 1.82, 0.48, 2.65, 1.12, 2.46, 0.4, 2.51, 0.23, 3.3, 0.64, 1.3, 0.77, 1.37, 3.25, 2.11, 2.72, 0.92, 2.36, 0.49, 2.01, 0.47, 1.3, 0.74, 3.43, 0.56, 0.94, 1.23, 0.83, 3.35, 0.48, 0.5, 3.02, 1.09]
CE times [1.77, 0.64, 1.03, 1.52, 3.05, 0.24, 0.68, 3.79, 1.76, 1.46, 1.56, 1.67, 1.19, 1.73, 1.36, 0.46, 0.99, 1.82, 0.48, 2.65, 1.12, 2.46, 0.4, 2.51, 0.23, 3.3, 0.64, 1.3, 0.77, 1.37, 3.25, 2.11, 2.72, 0.92, 2.36, 0.49, 2.01, 0.47, 1.3, 0.74, 3.43, 0.56, 0.94, 1.23, 0.83, 3.35, 0.48, 0.5, 3.02, 1.09]
DA antichain sizes [181, 198, 172, 212, 256, 204, 242, 308, 252, 251, 142, 189, 287, 215, 182, 177, 210, 212, 198, 187, 140, 304, 209, 94, 259, 228, 211, 219, 204, 223, 150, 231, 264, 226, 196, 222, 173, 229, 214, 250, 190, 160, 280, 258, 179, 220, 169, 215, 163, 189]
DA call1 calls [867, 1008, 1020, 837, 1027, 862, 1108, 1237, 1169, 1104, 805, 963, 1279, 929, 908, 922, 979, 987, 1051, 711, 639, 1332, 986, 570, 1214, 905, 986, 1178, 913, 915, 862, 980, 1155, 1102, 1021, 910, 1050, 1007, 1025, 1193, 851, 736, 1203, 1122, 1000, 919, 754, 840, 756, 930]
DA call1 calls times [0.0, 0.0, 0.0, 0.0, 0.0, 0.0, 0.0, 0.0, 0.0, 0.0, 0.0, 0.0, 0.0, 0.0, 0.0, 0.0, 0.0, 0.0, 0.0, 0.0, 0.0, 0.0, 0.0, 0.0, 0.0, 0.0, 0.0, 0.0, 0.0, 0.0, 0.0, 0.0, 0.0, 0.0, 0.0, 0.0, 0.0, 0.0, 0.0, 0.0, 0.0, 0.0, 0.0, 0.0, 0.0, 0.0, 0.0, 0.0, 0.0, 0.0]
DA call2 calls [181, 198, 172, 212, 256, 204, 242, 308, 252, 251, 142, 189, 287, 215, 182, 177, 210, 212, 198, 187, 140, 304, 209, 94, 259, 228, 211, 219, 204, 223, 150, 231, 264, 226, 196, 222, 173, 229, 214, 250, 190, 160, 280, 258, 179, 220, 169, 215, 163, 189]
DA call2 calls times [0.0, 0.0, 0.0, 0.0, 0.0, 0.0, 0.0, 0.0, 0.0, 0.0, 0.0, 0.0, 0.0, 0.0, 0.0, 0.0, 0.0, 0.0, 0.0, 0.0, 0.0, 0.0, 0.0, 0.0, 0.0, 0.0, 0.0, 0.0, 0.0, 0.0, 0.0, 0.0, 0.0, 0.0, 0.0, 0.0, 0.0, 0.0, 0.0, 0.0, 0.0, 0.0, 0.0, 0.0, 0.0, 0.0, 0.0, 0.0, 0.0, 0.0]
DA total nbr calls [1048, 1206, 1192, 1049, 1283, 1066, 1350, 1545, 1421, 1355, 947, 1152, 1566, 1144, 1090, 1099, 1189, 1199, 1249, 898, 779, 1636, 1195, 664, 1473, 1133, 1197, 1397, 1117, 1138, 1012, 1211, 1419, 1328, 1217, 1132, 1223, 1236, 1239, 1443, 1041, 896, 1483, 1380, 1179, 1139, 923, 1055, 919, 1119]
DA times process [1.62, 1.97, 2.07, 1.73, 2.61, 1.97, 2.1, 2.75, 2.33, 2.04, 1.47, 1.71, 2.4, 1.87, 1.65, 1.6, 1.83, 1.75, 1.83, 1.4, 1.24, 2.64, 2.0, 1.06, 2.38, 1.83, 1.93, 2.32, 1.79, 1.78, 1.65, 2.05, 2.33, 2.18, 1.99, 1.78, 2.01, 1.97, 1.99, 2.36, 1.64, 1.42, 2.33, 2.23, 1.93, 1.83, 1.46, 1.69, 1.51, 1.8]
DA times perf [1.62, 1.97, 2.09, 1.73, 2.67, 1.97, 2.1, 2.75, 2.33, 2.04, 1.47, 1.71, 2.4, 1.87, 1.65, 1.6, 1.83, 1.75, 1.83, 1.4, 1.24, 2.64, 2.0, 1.06, 2.38, 1.83, 1.93, 2.32, 1.79, 1.78, 1.65, 2.05, 2.33, 2.18, 1.99, 1.78, 2.01, 1.97, 1.99, 2.36, 1.64, 1.42, 2.33, 2.23, 1.93, 1.83, 1.46, 1.69, 1.51, 1.8]
DA times [1.62, 1.97, 2.09, 1.73, 2.67, 1.97, 2.1, 2.75, 2.33, 2.04, 1.47, 1.71, 2.4, 1.87, 1.65, 1.6, 1.83, 1.75, 1.83, 1.4, 1.24, 2.64, 2.0, 1.06, 2.38, 1.83, 1.93, 2.32, 1.79, 1.78, 1.65, 2.05, 2.33, 2.18, 1.99, 1.78, 2.01, 1.97, 1.99, 2.36, 1.64, 1.42, 2.33, 2.23, 1.93, 1.83, 1.46, 1.69, 1.51, 1.8]

1.51, 1.51, 1.51
1.92, 1.92, 1.92
Mean Antichain Size 210.88
Number Losing Payoffs 259.08
Number Realizable Payoffs 3330.34
CE mean antichain size 22.74
CE nbr exists calls 29.96
CE mean exists time 0.02
CE nbr dominated calls 28.96
CE mean dominated time 0.01
CE total nbr calls 58.92
DA mean antichain size 210.88
DA nbr call1 calls 976.54
DA mean call1 time 0.00
DA nbr call2 calls 210.88
DA mean call2 time 0.00
DA total nbr calls 1187.42



Size 11
Antichain sizes [63, 132, 115, 112, 142, 92, 90, 101, 143, 106, 34, 66, 143, 86, 135, 121, 103, 48, 117, 56, 118, 106, 113, 104, 87, 141, 103, 129, 60, 61, 125, 99, 84, 101, 71, 99, 104, 127, 103, 119, 138, 87, 120, 66, 74, 112, 94, 99, 106, 93]
Number of payoffs losing P0 [358, 236, 303, 165, 151, 138, 323, 179, 232, 199, 237, 101, 68, 120, 200, 137, 122, 105, 270, 413, 142, 121, 171, 359, 159, 135, 202, 164, 142, 294, 116, 102, 186, 200, 250, 140, 109, 87, 181, 176, 130, 156, 312, 96, 188, 197, 139, 85, 158, 205]
Number of payoffs realizable [1895, 1743, 1829, 1802, 1723, 1816, 1895, 1843, 1691, 1770, 1942, 1880, 1684, 1800, 1707, 1771, 1802, 1951, 1749, 1906, 1756, 1786, 1743, 1849, 1891, 1727, 1767, 1727, 1917, 1928, 1701, 1839, 1876, 1814, 1879, 1859, 1773, 1790, 1788, 1742, 1712, 1847, 1743, 1881, 1909, 1741, 1865, 1835, 1781, 1859]
CE antichain sizes [15, 25, 30, 18, 24, 15, 14, 14, 36, 16, 12, 19, 13, 20, 22, 25, 16, 21, 23, 28, 15, 19, 19, 19, 15, 14, 19, 17, 12, 32, 15, 15, 28, 18, 21, 18, 14, 17, 19, 13, 10, 22, 28, 11, 20, 21, 17, 12, 16, 14]
CE exists calls [18, 40, 43, 22, 29, 22, 19, 16, 44, 26, 17, 22, 17, 22, 30, 32, 21, 27, 37, 35, 17, 26, 24, 34, 21, 19, 31, 29, 14, 36, 18, 20, 39, 22, 31, 24, 21, 19, 24, 18, 17, 27, 39, 16, 26, 28, 27, 19, 27, 18]
CE exists calls times [0.0, 0.01, 0.02, 0.01, 0.01, 0.0, 0.01, 0.01, 0.02, 0.01, 0.0, 0.01, 0.0, 0.01, 0.01, 0.01, 0.01, 0.01, 0.01, 0.02, 0.01, 0.01, 0.01, 0.01, 0.0, 0.01, 0.01, 0.01, 0.0, 0.02, 0.0, 0.01, 0.01, 0.01, 0.01, 0.01, 0.0, 0.01, 0.01, 0.0, 0.0, 0.01, 0.02, 0.0, 0.01, 0.02, 0.0, 0.0, 0.01, 0.0]
CE dominated calls [17, 39, 42, 21, 28, 21, 18, 15, 43, 25, 16, 21, 16, 21, 29, 31, 20, 26, 36, 34, 16, 25, 23, 33, 20, 18, 30, 28, 13, 35, 17, 19, 38, 21, 30, 23, 20, 18, 23, 17, 16, 26, 38, 15, 25, 27, 26, 18, 26, 17]
CE dominated calls times [0.01, 0.01, 0.01, 0.01, 0.01, 0.01, 0.01, 0.01, 0.01, 0.01, 0.01, 0.01, 0.01, 0.01, 0.01, 0.01, 0.01, 0.01, 0.01, 0.01, 0.01, 0.01, 0.01, 0.01, 0.01, 0.01, 0.01, 0.01, 0.01, 0.01, 0.01, 0.01, 0.01, 0.01, 0.01, 0.01, 0.01, 0.01, 0.01, 0.01, 0.01, 0.01, 0.01, 0.01, 0.01, 0.01, 0.01, 0.01, 0.01, 0.01]
CE total nbr calls [35, 79, 85, 43, 57, 43, 37, 31, 87, 51, 33, 43, 33, 43, 59, 63, 41, 53, 73, 69, 33, 51, 47, 67, 41, 37, 61, 57, 27, 71, 35, 39, 77, 43, 61, 47, 41, 37, 47, 35, 33, 53, 77, 31, 51, 55, 53, 37, 53, 35]
CE times process [0.37, 1.71, 2.22, 0.63, 1.15, 0.5, 0.55, 0.45, 2.35, 0.7, 0.3, 0.51, 0.33, 0.6, 1.11, 1.1, 0.54, 0.85, 1.43, 1.77, 0.48, 0.87, 0.66, 1.17, 0.49, 0.43, 0.99, 0.9, 0.29, 1.56, 0.36, 0.41, 1.19, 0.6, 1.12, 0.61, 0.42, 0.41, 1.0, 0.38, 0.33, 0.7, 2.35, 0.26, 0.82, 1.28, 0.57, 0.32, 0.82, 0.36]
CE times perf [0.37, 1.71, 2.22, 0.63, 1.15, 0.5, 0.55, 0.45, 2.35, 0.7, 0.3, 0.51, 0.33, 0.6, 1.11, 1.1, 0.54, 0.85, 1.43, 1.77, 0.48, 0.87, 0.66, 1.17, 0.49, 0.43, 0.99, 0.9, 0.29, 1.56, 0.36, 0.41, 1.19, 0.6, 1.12, 0.61, 0.42, 0.41, 1.0, 0.38, 0.33, 0.7, 2.35, 0.26, 0.82, 1.28, 0.57, 0.32, 0.82, 0.36]
CE times [0.37, 1.71, 2.22, 0.63, 1.15, 0.5, 0.55, 0.45, 2.35, 0.7, 0.3, 0.51, 0.33, 0.6, 1.11, 1.1, 0.54, 0.85, 1.43, 1.77, 0.48, 0.87, 0.66, 1.17, 0.49, 0.43, 0.99, 0.9, 0.29, 1.56, 0.36, 0.41, 1.19, 0.6, 1.12, 0.61, 0.42, 0.41, 1.0, 0.38, 0.33, 0.7, 2.35, 0.26, 0.82, 1.28, 0.57, 0.32, 0.82, 0.36]
DA antichain sizes [63, 132, 115, 112, 142, 92, 90, 101, 143, 106, 34, 66, 143, 86, 135, 121, 103, 48, 117, 56, 118, 106, 113, 104, 87, 141, 103, 129, 60, 61, 125, 99, 84, 101, 71, 99, 104, 127, 103, 119, 138, 87, 120, 66, 74, 112, 94, 99, 106, 93]
DA call1 calls [216, 437, 334, 358, 467, 324, 243, 306, 500, 384, 140, 234, 507, 334, 476, 398, 349, 145, 416, 198, 410, 368, 418, 303, 244, 462, 384, 450, 191, 181, 472, 308, 256, 335, 240, 288, 379, 385, 363, 425, 474, 288, 425, 233, 213, 419, 277, 312, 373, 282]
DA call1 calls times [0.0, 0.0, 0.0, 0.0, 0.0, 0.0, 0.0, 0.0, 0.0, 0.0, 0.0, 0.0, 0.0, 0.0, 0.0, 0.0, 0.0, 0.0, 0.0, 0.0, 0.0, 0.0, 0.0, 0.0, 0.0, 0.0, 0.0, 0.0, 0.0, 0.0, 0.0, 0.0, 0.0, 0.0, 0.0, 0.0, 0.0, 0.0, 0.0, 0.0, 0.0, 0.0, 0.0, 0.0, 0.0, 0.0, 0.0, 0.0, 0.0, 0.0]
DA call2 calls [63, 132, 115, 112, 142, 92, 90, 101, 143, 106, 34, 66, 143, 86, 135, 121, 103, 48, 117, 56, 118, 106, 113, 104, 87, 141, 103, 129, 60, 61, 125, 99, 84, 101, 71, 99, 104, 127, 103, 119, 138, 87, 120, 66, 74, 112, 94, 99, 106, 93]
DA call2 calls times [0.0, 0.0, 0.0, 0.0, 0.0, 0.0, 0.0, 0.0, 0.0, 0.0, 0.0, 0.0, 0.0, 0.0, 0.0, 0.0, 0.0, 0.0, 0.0, 0.0, 0.0, 0.0, 0.0, 0.0, 0.0, 0.0, 0.0, 0.0, 0.0, 0.0, 0.0, 0.0, 0.0, 0.0, 0.0, 0.0, 0.0, 0.0, 0.0, 0.0, 0.0, 0.0, 0.0, 0.0, 0.0, 0.0, 0.0, 0.0, 0.0, 0.0]
DA total nbr calls [279, 569, 449, 470, 609, 416, 333, 407, 643, 490, 174, 300, 650, 420, 611, 519, 452, 193, 533, 254, 528, 474, 531, 407, 331, 603, 487, 579, 251, 242, 597, 407, 340, 436, 311, 387, 483, 512, 466, 544, 612, 375, 545, 299, 287, 531, 371, 411, 479, 375]
DA times process [0.41, 0.83, 0.64, 0.68, 0.93, 0.61, 0.47, 0.58, 0.96, 0.73, 0.26, 0.46, 0.96, 0.62, 0.91, 0.76, 0.66, 0.27, 0.78, 0.38, 0.78, 0.7, 0.81, 0.58, 0.46, 1.01, 0.73, 0.84, 0.38, 0.34, 0.89, 0.58, 0.49, 0.63, 0.47, 0.56, 0.71, 0.73, 0.7, 0.81, 0.87, 0.54, 0.82, 0.43, 0.4, 0.79, 0.53, 0.59, 0.7, 0.53]
DA times perf [0.41, 0.83, 0.64, 0.68, 0.93, 0.61, 0.47, 0.58, 0.96, 0.73, 0.26, 0.46, 0.96, 0.62, 0.91, 0.76, 0.66, 0.27, 0.78, 0.38, 0.78, 0.7, 0.81, 0.58, 0.46, 1.01, 0.73, 0.84, 0.38, 0.34, 0.89, 0.58, 0.49, 0.63, 0.47, 0.56, 0.71, 0.73, 0.7, 0.81, 0.87, 0.54, 0.82, 0.43, 0.4, 0.79, 0.53, 0.59, 0.7, 0.53]
DA times [0.41, 0.83, 0.64, 0.68, 0.93, 0.61, 0.47, 0.58, 0.96, 0.73, 0.26, 0.46, 0.96, 0.62, 0.91, 0.76, 0.66, 0.27, 0.78, 0.38, 0.78, 0.7, 0.81, 0.58, 0.46, 1.01, 0.73, 0.84, 0.38, 0.34, 0.89, 0.58, 0.49, 0.63, 0.47, 0.56, 0.71, 0.73, 0.7, 0.81, 0.87, 0.54, 0.82, 0.43, 0.4, 0.79, 0.53, 0.59, 0.7, 0.53]

0.83, 0.83, 0.83
0.65, 0.65, 0.65
Mean Antichain Size 100.96
Number Losing Payoffs 183.18
Number Realizable Payoffs 1810.48
CE mean antichain size 18.72
CE nbr exists calls 25.40
CE mean exists time 0.01
CE nbr dominated calls 24.40
CE mean dominated time 0.01
CE total nbr calls 49.80
DA mean antichain size 100.96
DA nbr call1 calls 338.48
DA mean call1 time 0.00
DA nbr call2 calls 100.96
DA mean call2 time 0.00
DA total nbr calls 439.44



Size 10
Antichain sizes [57, 38, 23, 47, 49, 23, 51, 53, 60, 32, 24, 35, 84, 54, 33, 23, 46, 51, 41, 43, 77, 72, 28, 26, 48, 71, 61, 41, 74, 39, 63, 46, 48, 65, 18, 82, 40, 64, 75, 42, 54, 35, 39, 65, 49, 39, 81, 52, 59, 55]
Number of payoffs losing P0 [134, 180, 94, 205, 126, 300, 188, 151, 122, 277, 125, 97, 137, 209, 175, 219, 109, 111, 158, 215, 195, 51, 140, 95, 124, 161, 89, 99, 104, 171, 191, 126, 89, 144, 121, 55, 69, 198, 147, 158, 129, 193, 139, 188, 155, 228, 109, 107, 151, 70]
Number of payoffs realizable [935, 949, 997, 948, 903, 1001, 969, 941, 927, 955, 993, 955, 904, 943, 985, 992, 974, 963, 987, 962, 930, 952, 964, 985, 958, 905, 943, 968, 936, 981, 958, 966, 953, 942, 1007, 881, 966, 920, 912, 976, 936, 985, 979, 917, 973, 963, 896, 925, 895, 954]
CE antichain sizes [16, 16, 18, 15, 15, 7, 22, 18, 14, 10, 17, 12, 14, 27, 16, 8, 14, 16, 24, 16, 29, 11, 17, 20, 20, 17, 16, 10, 15, 11, 10, 18, 9, 20, 8, 11, 13, 24, 17, 7, 15, 8, 12, 17, 19, 18, 11, 14, 15, 18]
CE exists calls [20, 27, 26, 23, 20, 14, 28, 23, 17, 18, 24, 15, 20, 30, 20, 13, 20, 19, 36, 28, 38, 15, 24, 25, 29, 20, 22, 11, 22, 21, 28, 22, 14, 29, 16, 12, 18, 29, 24, 12, 24, 14, 19, 36, 23, 32, 20, 20, 22, 21]
CE exists calls times [0.01, 0.0, 0.01, 0.0, 0.0, 0.0, 0.01, 0.01, 0.0, 0.0, 0.0, 0.0, 0.0, 0.01, 0.01, 0.0, 0.0, 0.01, 0.01, 0.01, 0.01, 0.0, 0.0, 0.01, 0.01, 0.01, 0.01, 0.0, 0.01, 0.0, 0.0, 0.01, 0.0, 0.01, 0.0, 0.0, 0.0, 0.01, 0.01, 0.0, 0.0, 0.0, 0.0, 0.01, 0.01, 0.01, 0.01, 0.0, 0.01, 0.0]
CE dominated calls [19, 26, 25, 22, 19, 13, 27, 22, 16, 17, 23, 14, 19, 29, 19, 12, 19, 18, 35, 27, 37, 14, 23, 24, 28, 19, 21, 10, 21, 20, 27, 21, 13, 28, 15, 11, 17, 28, 23, 11, 23, 13, 18, 35, 22, 31, 19, 19, 21, 20]
CE dominated calls times [0.01, 0.01, 0.01, 0.01, 0.01, 0.01, 0.01, 0.01, 0.01, 0.01, 0.01, 0.01, 0.01, 0.01, 0.01, 0.01, 0.01, 0.01, 0.01, 0.01, 0.01, 0.01, 0.01, 0.01, 0.01, 0.01, 0.01, 0.01, 0.01, 0.01, 0.01, 0.01, 0.0, 0.01, 0.01, 0.01, 0.0, 0.01, 0.01, 0.01, 0.01, 0.0, 0.01, 0.01, 0.01, 0.01, 0.01, 0.01, 0.01, 0.01]
CE total nbr calls [39, 53, 51, 45, 39, 27, 55, 45, 33, 35, 47, 29, 39, 59, 39, 25, 39, 37, 71, 55, 75, 29, 47, 49, 57, 39, 43, 21, 43, 41, 55, 43, 27, 57, 31, 23, 35, 57, 47, 23, 47, 27, 37, 71, 45, 63, 39, 39, 43, 41]
CE times process [0.46, 0.56, 0.69, 0.46, 0.33, 0.26, 0.9, 0.54, 0.27, 0.33, 0.45, 0.31, 0.41, 1.06, 0.51, 0.2, 0.38, 0.4, 1.31, 0.7, 1.2, 0.26, 0.47, 0.57, 0.68, 0.44, 0.53, 0.2, 0.5, 0.41, 0.55, 0.58, 0.23, 0.8, 0.26, 0.19, 0.22, 0.99, 0.5, 0.16, 0.46, 0.18, 0.33, 1.0, 0.59, 0.9, 0.47, 0.41, 0.51, 0.44]
CE times perf [0.46, 0.56, 0.69, 0.46, 0.33, 0.26, 0.9, 0.54, 0.27, 0.33, 0.45, 0.31, 0.41, 1.06, 0.51, 0.2, 0.38, 0.4, 1.31, 0.7, 1.2, 0.26, 0.47, 0.57, 0.68, 0.44, 0.53, 0.2, 0.5, 0.41, 0.55, 0.58, 0.23, 0.8, 0.26, 0.19, 0.22, 0.99, 0.5, 0.16, 0.46, 0.18, 0.33, 1.0, 0.59, 0.9, 0.47, 0.41, 0.51, 0.44]
CE times [0.46, 0.56, 0.69, 0.46, 0.33, 0.26, 0.9, 0.54, 0.27, 0.33, 0.45, 0.31, 0.41, 1.06, 0.51, 0.2, 0.38, 0.4, 1.31, 0.7, 1.2, 0.26, 0.47, 0.57, 0.68, 0.44, 0.53, 0.2, 0.5, 0.41, 0.55, 0.58, 0.23, 0.8, 0.26, 0.19, 0.22, 0.99, 0.5, 0.16, 0.46, 0.18, 0.33, 1.0, 0.59, 0.9, 0.47, 0.41, 0.51, 0.44]
DA antichain sizes [57, 38, 23, 47, 49, 23, 51, 53, 60, 32, 24, 35, 84, 54, 33, 23, 46, 51, 41, 43, 77, 72, 28, 26, 48, 71, 61, 41, 74, 39, 63, 46, 48, 65, 18, 82, 40, 64, 75, 42, 54, 35, 39, 65, 49, 39, 81, 52, 59, 55]
DA call1 calls [146, 113, 50, 123, 170, 46, 106, 136, 157, 101, 55, 104, 204, 135, 72, 55, 96, 112, 78, 105, 171, 144, 88, 65, 114, 190, 142, 97, 162, 82, 129, 104, 119, 147, 35, 225, 98, 168, 187, 90, 142, 74, 84, 172, 100, 100, 209, 151, 188, 125]
DA call1 calls times [0.0, 0.0, 0.0, 0.0, 0.0, 0.0, 0.0, 0.0, 0.0, 0.0, 0.0, 0.0, 0.0, 0.0, 0.0, 0.0, 0.0, 0.0, 0.0, 0.0, 0.0, 0.0, 0.0, 0.0, 0.0, 0.0, 0.0, 0.0, 0.0, 0.0, 0.0, 0.0, 0.0, 0.0, 0.0, 0.0, 0.0, 0.0, 0.0, 0.0, 0.0, 0.0, 0.0, 0.0, 0.0, 0.0, 0.0, 0.0, 0.0, 0.0]
DA call2 calls [57, 38, 23, 47, 49, 23, 51, 53, 60, 32, 24, 35, 84, 54, 33, 23, 46, 51, 41, 43, 77, 72, 28, 26, 48, 71, 61, 41, 74, 39, 63, 46, 48, 65, 18, 82, 40, 64, 75, 42, 54, 35, 39, 65, 49, 39, 81, 52, 59, 55]
DA call2 calls times [0.0, 0.0, 0.0, 0.0, 0.0, 0.0, 0.0, 0.0, 0.0, 0.0, 0.0, 0.0, 0.0, 0.0, 0.0, 0.0, 0.0, 0.0, 0.0, 0.0, 0.0, 0.0, 0.0, 0.0, 0.0, 0.0, 0.0, 0.0, 0.0, 0.0, 0.0, 0.0, 0.0, 0.0, 0.0, 0.0, 0.0, 0.0, 0.0, 0.0, 0.0, 0.0, 0.0, 0.0, 0.0, 0.0, 0.0, 0.0, 0.0, 0.0]
DA total nbr calls [203, 151, 73, 170, 219, 69, 157, 189, 217, 133, 79, 139, 288, 189, 105, 78, 142, 163, 119, 148, 248, 216, 116, 91, 162, 261, 203, 138, 236, 121, 192, 150, 167, 212, 53, 307, 138, 232, 262, 132, 196, 109, 123, 237, 149, 139, 290, 203, 247, 180]
DA times process [0.27, 0.21, 0.09, 0.23, 0.31, 0.09, 0.2, 0.25, 0.3, 0.19, 0.1, 0.19, 0.38, 0.25, 0.14, 0.1, 0.18, 0.22, 0.15, 0.19, 0.32, 0.28, 0.16, 0.12, 0.22, 0.36, 0.26, 0.18, 0.31, 0.16, 0.24, 0.2, 0.22, 0.29, 0.07, 0.41, 0.18, 0.33, 0.35, 0.17, 0.27, 0.14, 0.16, 0.33, 0.2, 0.19, 0.39, 0.28, 0.35, 0.23]
DA times perf [0.27, 0.21, 0.09, 0.23, 0.31, 0.09, 0.2, 0.25, 0.3, 0.19, 0.1, 0.19, 0.38, 0.25, 0.14, 0.1, 0.18, 0.22, 0.15, 0.19, 0.32, 0.28, 0.16, 0.12, 0.22, 0.36, 0.26, 0.18, 0.31, 0.16, 0.24, 0.2, 0.22, 0.29, 0.07, 0.41, 0.18, 0.33, 0.35, 0.17, 0.27, 0.14, 0.16, 0.33, 0.2, 0.19, 0.39, 0.28, 0.35, 0.23]
DA times [0.27, 0.21, 0.09, 0.23, 0.31, 0.09, 0.2, 0.25, 0.3, 0.19, 0.1, 0.19, 0.38, 0.25, 0.14, 0.1, 0.18, 0.22, 0.15, 0.19, 0.32, 0.28, 0.16, 0.12, 0.22, 0.36, 0.26, 0.18, 0.31, 0.16, 0.24, 0.2, 0.22, 0.29, 0.07, 0.41, 0.18, 0.33, 0.35, 0.17, 0.27, 0.14, 0.16, 0.33, 0.2, 0.19, 0.39, 0.28, 0.35, 0.23]

0.51, 0.51, 0.51
0.23, 0.23, 0.23
Mean Antichain Size 49.50
Number Losing Payoffs 146.56
Number Realizable Payoffs 952.18
CE mean antichain size 15.30
CE nbr exists calls 22.06
CE mean exists time 0.00
CE nbr dominated calls 21.06
CE mean dominated time 0.01
CE total nbr calls 43.12
DA mean antichain size 49.50
DA nbr call1 calls 121.32
DA mean call1 time 0.00
DA nbr call2 calls 49.50
DA mean call2 time 0.00
DA total nbr calls 170.82



Size 9
Antichain sizes [19, 29, 18, 18, 24, 22, 9, 21, 25, 19, 24, 18, 19, 9, 13, 22, 14, 16, 9, 10, 11, 21, 19, 20, 28, 13, 28, 28, 32, 17, 25, 29, 19, 11, 23, 13, 29, 11, 9, 22, 12, 31, 10, 12, 13, 11, 10, 19, 14, 16]
Number of payoffs losing P0 [50, 32, 70, 185, 110, 56, 138, 148, 78, 126, 110, 71, 61, 134, 176, 42, 161, 87, 85, 109, 198, 96, 189, 88, 114, 123, 59, 44, 65, 145, 91, 61, 155, 87, 141, 82, 57, 170, 90, 51, 103, 51, 142, 52, 73, 56, 79, 72, 154, 90]
Number of payoffs realizable [500, 487, 499, 497, 478, 495, 508, 494, 499, 485, 498, 496, 495, 508, 495, 493, 500, 492, 508, 506, 494, 492, 497, 501, 491, 499, 502, 486, 478, 496, 486, 480, 500, 507, 492, 498, 482, 495, 505, 494, 499, 487, 506, 504, 500, 503, 506, 500, 494, 503]
CE antichain sizes [10, 8, 11, 7, 17, 12, 13, 10, 7, 7, 14, 12, 10, 12, 10, 7, 10, 15, 11, 16, 4, 5, 14, 13, 10, 11, 9, 11, 10, 8, 13, 9, 9, 9, 12, 11, 8, 12, 7, 3, 8, 10, 9, 8, 10, 13, 7, 11, 9, 11]
CE exists calls [12, 12, 14, 15, 25, 13, 25, 21, 12, 12, 19, 17, 12, 20, 19, 9, 17, 28, 18, 21, 16, 14, 27, 16, 18, 17, 11, 16, 16, 13, 16, 12, 18, 16, 23, 15, 12, 23, 12, 8, 15, 13, 18, 11, 18, 15, 11, 18, 19, 16]
CE exists calls times [0.0, 0.0, 0.0, 0.0, 0.0, 0.0, 0.0, 0.0, 0.0, 0.0, 0.0, 0.0, 0.0, 0.0, 0.0, 0.0, 0.0, 0.0, 0.0, 0.0, 0.0, 0.0, 0.0, 0.0, 0.0, 0.0, 0.0, 0.0, 0.0, 0.0, 0.0, 0.0, 0.0, 0.0, 0.0, 0.0, 0.0, 0.0, 0.0, 0.0, 0.0, 0.0, 0.0, 0.0, 0.0, 0.0, 0.0, 0.0, 0.0, 0.0]
CE dominated calls [11, 11, 13, 14, 24, 12, 24, 20, 11, 11, 18, 16, 11, 19, 18, 8, 16, 27, 17, 20, 15, 13, 26, 15, 17, 16, 10, 15, 15, 12, 15, 11, 17, 15, 22, 14, 11, 22, 11, 7, 14, 12, 17, 10, 17, 14, 10, 17, 18, 15]
CE dominated calls times [0.0, 0.0, 0.0, 0.0, 0.01, 0.0, 0.01, 0.01, 0.0, 0.01, 0.01, 0.01, 0.01, 0.01, 0.01, 0.0, 0.01, 0.01, 0.0, 0.01, 0.01, 0.01, 0.01, 0.01, 0.01, 0.01, 0.0, 0.0, 0.01, 0.01, 0.01, 0.0, 0.01, 0.0, 0.01, 0.01, 0.0, 0.01, 0.0, 0.01, 0.01, 0.0, 0.01, 0.01, 0.01, 0.0, 0.0, 0.01, 0.01, 0.01]
CE total nbr calls [23, 23, 27, 29, 49, 25, 49, 41, 23, 23, 37, 33, 23, 39, 37, 17, 33, 55, 35, 41, 31, 27, 53, 31, 35, 33, 21, 31, 31, 25, 31, 23, 35, 31, 45, 29, 23, 45, 23, 15, 29, 25, 35, 21, 35, 29, 21, 35, 37, 31]
CE times process [0.15, 0.11, 0.16, 0.16, 0.41, 0.16, 0.46, 0.35, 0.12, 0.19, 0.32, 0.27, 0.16, 0.25, 0.28, 0.08, 0.23, 0.64, 0.18, 0.41, 0.26, 0.17, 0.54, 0.29, 0.28, 0.27, 0.13, 0.15, 0.26, 0.18, 0.26, 0.13, 0.28, 0.17, 0.37, 0.23, 0.13, 0.47, 0.14, 0.1, 0.21, 0.16, 0.34, 0.14, 0.25, 0.2, 0.1, 0.3, 0.33, 0.22]
CE times perf [0.15, 0.11, 0.16, 0.16, 0.41, 0.16, 0.46, 0.35, 0.12, 0.19, 0.32, 0.27, 0.16, 0.25, 0.28, 0.08, 0.23, 0.64, 0.18, 0.41, 0.26, 0.17, 0.54, 0.29, 0.28, 0.27, 0.13, 0.15, 0.26, 0.18, 0.26, 0.13, 0.28, 0.17, 0.37, 0.23, 0.13, 0.47, 0.14, 0.1, 0.21, 0.16, 0.34, 0.14, 0.25, 0.2, 0.1, 0.3, 0.33, 0.22]
CE times [0.15, 0.11, 0.16, 0.16, 0.41, 0.16, 0.46, 0.35, 0.12, 0.19, 0.32, 0.27, 0.16, 0.25, 0.28, 0.08, 0.23, 0.64, 0.18, 0.41, 0.26, 0.17, 0.54, 0.29, 0.28, 0.27, 0.13, 0.15, 0.26, 0.18, 0.26, 0.13, 0.28, 0.17, 0.37, 0.23, 0.13, 0.47, 0.14, 0.1, 0.21, 0.16, 0.34, 0.14, 0.25, 0.2, 0.1, 0.3, 0.33, 0.22]
DA antichain sizes [19, 29, 18, 18, 24, 22, 9, 21, 25, 19, 24, 18, 19, 9, 13, 22, 14, 16, 9, 10, 11, 21, 19, 20, 28, 13, 28, 28, 32, 17, 25, 29, 19, 11, 23, 13, 29, 11, 9, 22, 12, 31, 10, 12, 13, 11, 10, 19, 14, 16]
DA call1 calls [31, 54, 31, 33, 58, 39, 13, 39, 38, 46, 38, 34, 36, 13, 30, 41, 26, 36, 13, 16, 29, 41, 34, 31, 49, 26, 38, 54, 66, 33, 51, 61, 31, 16, 43, 27, 59, 28, 16, 40, 25, 56, 16, 20, 25, 20, 16, 31, 32, 25]
DA call1 calls times [0.0, 0.0, 0.0, 0.0, 0.0, 0.0, 0.0, 0.0, 0.0, 0.0, 0.0, 0.0, 0.0, 0.0, 0.0, 0.0, 0.0, 0.0, 0.0, 0.0, 0.0, 0.0, 0.0, 0.0, 0.0, 0.0, 0.0, 0.0, 0.0, 0.0, 0.0, 0.0, 0.0, 0.0, 0.0, 0.0, 0.0, 0.0, 0.0, 0.0, 0.0, 0.0, 0.0, 0.0, 0.0, 0.0, 0.0, 0.0, 0.0, 0.0]
DA call2 calls [19, 29, 18, 18, 24, 22, 9, 21, 25, 19, 24, 18, 19, 9, 13, 22, 14, 16, 9, 10, 11, 21, 19, 20, 28, 13, 28, 28, 32, 17, 25, 29, 19, 11, 23, 13, 29, 11, 9, 22, 12, 31, 10, 12, 13, 11, 10, 19, 14, 16]
DA call2 calls times [0.0, 0.0, 0.0, 0.0, 0.0, 0.0, 0.0, 0.0, 0.0, 0.0, 0.0, 0.0, 0.0, 0.0, 0.0, 0.0, 0.0, 0.0, 0.0, 0.0, 0.0, 0.0, 0.0, 0.0, 0.0, 0.0, 0.0, 0.0, 0.0, 0.0, 0.0, 0.0, 0.0, 0.0, 0.0, 0.0, 0.0, 0.0, 0.0, 0.0, 0.0, 0.0, 0.0, 0.0, 0.0, 0.0, 0.0, 0.0, 0.0, 0.0]
DA total nbr calls [50, 83, 49, 51, 82, 61, 22, 60, 63, 65, 62, 52, 55, 22, 43, 63, 40, 52, 22, 26, 40, 62, 53, 51, 77, 39, 66, 82, 98, 50, 76, 90, 50, 27, 66, 40, 88, 39, 25, 62, 37, 87, 26, 32, 38, 31, 26, 50, 46, 41]
DA times process [0.06, 0.11, 0.06, 0.06, 0.11, 0.08, 0.03, 0.07, 0.08, 0.08, 0.07, 0.06, 0.07, 0.02, 0.06, 0.08, 0.05, 0.07, 0.02, 0.03, 0.05, 0.08, 0.06, 0.06, 0.1, 0.05, 0.07, 0.1, 0.13, 0.06, 0.1, 0.11, 0.06, 0.03, 0.08, 0.05, 0.11, 0.05, 0.03, 0.08, 0.05, 0.11, 0.03, 0.04, 0.05, 0.04, 0.03, 0.06, 0.06, 0.05]
DA times perf [0.06, 0.11, 0.06, 0.06, 0.11, 0.08, 0.03, 0.07, 0.08, 0.08, 0.07, 0.06, 0.07, 0.02, 0.06, 0.08, 0.05, 0.07, 0.02, 0.03, 0.05, 0.08, 0.06, 0.06, 0.1, 0.05, 0.07, 0.1, 0.13, 0.06, 0.1, 0.11, 0.06, 0.03, 0.08, 0.05, 0.11, 0.05, 0.03, 0.08, 0.05, 0.11, 0.03, 0.04, 0.05, 0.04, 0.03, 0.06, 0.06, 0.05]
DA times [0.06, 0.11, 0.06, 0.06, 0.11, 0.08, 0.03, 0.07, 0.08, 0.08, 0.07, 0.06, 0.07, 0.02, 0.06, 0.08, 0.05, 0.07, 0.02, 0.03, 0.05, 0.08, 0.06, 0.06, 0.1, 0.05, 0.07, 0.1, 0.13, 0.06, 0.1, 0.11, 0.06, 0.03, 0.08, 0.05, 0.11, 0.05, 0.03, 0.08, 0.05, 0.11, 0.03, 0.04, 0.05, 0.04, 0.03, 0.06, 0.06, 0.05]

0.24, 0.24, 0.24
0.07, 0.07, 0.07
Mean Antichain Size 18.28
Number Losing Payoffs 100.14
Number Realizable Payoffs 496.20
CE mean antichain size 10.06
CE nbr exists calls 16.28
CE mean exists time 0.00
CE nbr dominated calls 15.28
CE mean dominated time 0.01
CE total nbr calls 31.56
DA mean antichain size 18.28
DA nbr call1 calls 34.08
DA mean call1 time 0.00
DA nbr call2 calls 18.28
DA mean call2 time 0.00
DA total nbr calls 52.36



Size 8
Antichain sizes [13, 12, 8, 12, 8, 9, 10, 13, 8, 8, 8, 8, 17, 11, 13, 13, 8, 11, 10, 10, 14, 8, 10, 11, 11, 8, 9, 8, 8, 8, 8, 8, 8, 10, 9, 10, 13, 15, 10, 8, 8, 8, 10, 8, 8, 13, 8, 8, 8, 8]
Number of payoffs losing P0 [70, 76, 34, 59, 50, 77, 87, 129, 34, 53, 37, 54, 51, 67, 72, 57, 93, 83, 37, 76, 26, 69, 76, 25, 68, 42, 89, 113, 70, 54, 45, 104, 50, 84, 78, 63, 45, 49, 68, 46, 68, 30, 73, 114, 107, 78, 99, 31, 76, 43]
Number of payoffs realizable [250, 249, 255, 249, 255, 250, 251, 250, 252, 255, 255, 255, 249, 248, 250, 250, 255, 248, 247, 251, 246, 252, 251, 248, 248, 252, 250, 252, 255, 255, 255, 255, 255, 251, 250, 251, 250, 247, 251, 255, 252, 255, 251, 255, 255, 250, 255, 255, 255, 255]
CE antichain sizes [7, 8, 7, 7, 7, 5, 7, 7, 8, 7, 3, 9, 8, 7, 12, 6, 6, 10, 4, 7, 5, 9, 11, 8, 8, 3, 11, 5, 9, 8, 10, 10, 8, 6, 8, 8, 6, 8, 9, 9, 7, 7, 11, 5, 7, 9, 4, 9, 7, 5]
CE exists calls [13, 12, 11, 11, 11, 10, 16, 14, 12, 9, 5, 12, 12, 17, 23, 11, 13, 13, 6, 13, 8, 19, 14, 12, 13, 8, 22, 9, 12, 13, 13, 17, 11, 13, 13, 14, 10, 12, 13, 13, 11, 9, 19, 14, 14, 16, 15, 12, 10, 10]
CE exists calls times [0.0, 0.0, 0.0, 0.0, 0.0, 0.0, 0.0, 0.0, 0.0, 0.0, 0.0, 0.0, 0.0, 0.0, 0.0, 0.0, 0.0, 0.0, 0.0, 0.0, 0.0, 0.0, 0.0, 0.0, 0.0, 0.0, 0.0, 0.0, 0.0, 0.0, 0.0, 0.0, 0.0, 0.0, 0.0, 0.0, 0.0, 0.0, 0.0, 0.0, 0.0, 0.0, 0.0, 0.0, 0.0, 0.0, 0.0, 0.0, 0.0, 0.0]
CE dominated calls [12, 11, 10, 10, 10, 9, 15, 13, 11, 8, 4, 11, 11, 16, 22, 10, 12, 12, 5, 12, 7, 18, 13, 11, 12, 7, 21, 8, 11, 12, 12, 16, 10, 12, 12, 13, 9, 11, 12, 12, 10, 8, 18, 13, 13, 15, 14, 11, 9, 9]
CE dominated calls times [0.0, 0.01, 0.0, 0.0, 0.0, 0.0, 0.0, 0.01, 0.0, 0.0, 0.0, 0.0, 0.01, 0.01, 0.01, 0.0, 0.01, 0.01, 0.01, 0.01, 0.0, 0.0, 0.01, 0.0, 0.0, 0.01, 0.01, 0.01, 0.0, 0.0, 0.0, 0.0, 0.0, 0.0, 0.01, 0.0, 0.0, 0.0, 0.0, 0.0, 0.0, 0.0, 0.01, 0.0, 0.01, 0.01, 0.0, 0.0, 0.0, 0.0]
CE total nbr calls [25, 23, 21, 21, 21, 19, 31, 27, 23, 17, 9, 23, 23, 33, 45, 21, 25, 25, 11, 25, 15, 37, 27, 23, 25, 15, 43, 17, 23, 25, 25, 33, 21, 25, 25, 27, 19, 23, 25, 25, 21, 17, 37, 27, 27, 31, 29, 23, 19, 19]
CE times process [0.15, 0.14, 0.09, 0.09, 0.1, 0.09, 0.17, 0.2, 0.11, 0.09, 0.04, 0.12, 0.15, 0.22, 0.34, 0.1, 0.17, 0.17, 0.06, 0.16, 0.02, 0.46, 0.18, 0.1, 0.15, 0.06, 0.32, 0.12, 0.12, 0.14, 0.12, 0.2, 0.1, 0.13, 0.16, 0.16, 0.1, 0.12, 0.14, 0.11, 0.1, 0.06, 0.27, 0.13, 0.17, 0.21, 0.14, 0.08, 0.1, 0.1]
CE times perf [0.15, 0.14, 0.09, 0.09, 0.1, 0.09, 0.17, 0.2, 0.11, 0.09, 0.04, 0.12, 0.15, 0.22, 0.34, 0.1, 0.17, 0.17, 0.06, 0.16, 0.02, 0.46, 0.18, 0.1, 0.15, 0.06, 0.32, 0.12, 0.12, 0.14, 0.12, 0.2, 0.1, 0.13, 0.16, 0.16, 0.1, 0.12, 0.14, 0.11, 0.1, 0.06, 0.27, 0.13, 0.17, 0.21, 0.14, 0.08, 0.1, 0.1]
CE times [0.15, 0.14, 0.09, 0.09, 0.1, 0.09, 0.17, 0.2, 0.11, 0.09, 0.04, 0.12, 0.15, 0.22, 0.34, 0.1, 0.17, 0.17, 0.06, 0.16, 0.02, 0.46, 0.18, 0.1, 0.15, 0.06, 0.32, 0.12, 0.12, 0.14, 0.12, 0.2, 0.1, 0.13, 0.16, 0.16, 0.1, 0.12, 0.14, 0.11, 0.1, 0.06, 0.27, 0.13, 0.17, 0.21, 0.14, 0.08, 0.1, 0.1]
DA antichain sizes [13, 12, 8, 12, 8, 9, 10, 13, 8, 8, 8, 8, 17, 11, 13, 13, 8, 11, 10, 10, 14, 8, 10, 11, 11, 8, 9, 8, 8, 8, 8, 8, 8, 10, 9, 10, 13, 15, 10, 8, 8, 8, 10, 8, 8, 13, 8, 8, 8, 8]
DA call1 calls [19, 19, 9, 19, 9, 15, 15, 19, 12, 9, 9, 9, 24, 19, 19, 19, 9, 19, 19, 15, 24, 12, 15, 19, 19, 12, 15, 12, 9, 9, 9, 9, 9, 15, 15, 15, 19, 24, 15, 9, 12, 9, 15, 9, 9, 19, 9, 9, 9, 9]
DA call1 calls times [0.0, 0.0, 0.0, 0.0, 0.0, 0.0, 0.0, 0.0, 0.0, 0.0, 0.0, 0.0, 0.0, 0.0, 0.0, 0.0, 0.0, 0.0, 0.0, 0.0, 0.0, 0.0, 0.0, 0.0, 0.0, 0.0, 0.0, 0.0, 0.0, 0.0, 0.0, 0.0, 0.0, 0.0, 0.0, 0.0, 0.0, 0.0, 0.0, 0.0, 0.0, 0.0, 0.0, 0.0, 0.0, 0.0, 0.0, 0.0, 0.0, 0.0]
DA call2 calls [13, 12, 8, 12, 8, 9, 10, 13, 8, 8, 8, 8, 17, 11, 13, 13, 8, 11, 10, 10, 14, 8, 10, 11, 11, 8, 9, 8, 8, 8, 8, 8, 8, 10, 9, 10, 13, 15, 10, 8, 8, 8, 10, 8, 8, 13, 8, 8, 8, 8]
DA call2 calls times [0.0, 0.0, 0.0, 0.0, 0.0, 0.0, 0.0, 0.0, 0.0, 0.0, 0.0, 0.0, 0.0, 0.0, 0.0, 0.0, 0.0, 0.0, 0.0, 0.0, 0.0, 0.0, 0.0, 0.0, 0.0, 0.0, 0.0, 0.0, 0.0, 0.0, 0.0, 0.0, 0.0, 0.0, 0.0, 0.0, 0.0, 0.0, 0.0, 0.0, 0.0, 0.0, 0.0, 0.0, 0.0, 0.0, 0.0, 0.0, 0.0, 0.0]
DA total nbr calls [32, 31, 17, 31, 17, 24, 25, 32, 20, 17, 17, 17, 41, 30, 32, 32, 17, 30, 29, 25, 38, 20, 25, 30, 30, 20, 24, 20, 17, 17, 17, 17, 17, 25, 24, 25, 32, 39, 25, 17, 20, 17, 25, 17, 17, 32, 17, 17, 17, 17]
DA times process [0.04, 0.04, 0.02, 0.04, 0.02, 0.03, 0.03, 0.04, 0.02, 0.02, 0.02, 0.02, 0.05, 0.04, 0.04, 0.04, 0.02, 0.04, 0.03, 0.03, 0.05, 0.02, 0.03, 0.04, 0.04, 0.02, 0.03, 0.02, 0.02, 0.02, 0.02, 0.02, 0.02, 0.03, 0.03, 0.03, 0.04, 0.05, 0.03, 0.02, 0.02, 0.02, 0.03, 0.02, 0.02, 0.04, 0.02, 0.02, 0.02, 0.02]
DA times perf [0.04, 0.04, 0.02, 0.04, 0.02, 0.03, 0.03, 0.04, 0.02, 0.02, 0.02, 0.02, 0.05, 0.04, 0.04, 0.04, 0.02, 0.04, 0.03, 0.03, 0.05, 0.02, 0.03, 0.04, 0.04, 0.02, 0.03, 0.02, 0.02, 0.02, 0.02, 0.02, 0.02, 0.03, 0.03, 0.03, 0.04, 0.05, 0.03, 0.02, 0.02, 0.02, 0.03, 0.02, 0.02, 0.04, 0.02, 0.02, 0.02, 0.02]
DA times [0.04, 0.04, 0.02, 0.04, 0.02, 0.03, 0.03, 0.04, 0.02, 0.02, 0.02, 0.02, 0.05, 0.04, 0.04, 0.04, 0.02, 0.04, 0.03, 0.03, 0.05, 0.02, 0.03, 0.04, 0.04, 0.02, 0.03, 0.02, 0.02, 0.02, 0.02, 0.02, 0.02, 0.03, 0.03, 0.03, 0.04, 0.05, 0.03, 0.02, 0.02, 0.02, 0.03, 0.02, 0.02, 0.04, 0.02, 0.02, 0.02, 0.02]

0.14, 0.14, 0.14
0.03, 0.03, 0.03
Mean Antichain Size 9.82
Number Losing Payoffs 65.58
Number Realizable Payoffs 251.82
CE mean antichain size 7.44
CE nbr exists calls 12.66
CE mean exists time 0.00
CE nbr dominated calls 11.66
CE mean dominated time 0.00
CE total nbr calls 24.32
DA mean antichain size 9.82
DA nbr call1 calls 14.00
DA mean call1 time 0.00
DA nbr call2 calls 9.82
DA mean call2 time 0.00
DA total nbr calls 23.82



Size 7
Antichain sizes [7, 7, 7, 7, 7, 7, 7, 7, 7, 7, 7, 7, 7, 7, 7, 7, 7, 7, 7, 7, 7, 7, 7, 7, 7, 7, 7, 7, 7, 7, 7, 7, 7, 7, 7, 7, 7, 7, 7, 7, 7, 7, 7, 7, 7, 7, 7, 7, 7, 7]
Number of payoffs losing P0 [52, 61, 33, 43, 42, 54, 54, 40, 42, 52, 57, 57, 58, 27, 51, 37, 38, 46, 53, 66, 49, 61, 26, 13, 55, 39, 53, 39, 41, 41, 37, 35, 34, 44, 48, 72, 45, 66, 39, 34, 41, 63, 60, 46, 25, 45, 61, 62, 45, 34]
Number of payoffs realizable [127, 127, 127, 127, 127, 127, 127, 127, 127, 127, 127, 127, 127, 127, 127, 127, 127, 127, 127, 127, 127, 127, 127, 127, 127, 127, 127, 127, 127, 127, 127, 127, 127, 127, 127, 127, 127, 127, 127, 127, 127, 127, 127, 127, 127, 127, 127, 127, 127, 127]
CE antichain sizes [6, 5, 7, 8, 7, 7, 7, 7, 7, 6, 4, 4, 5, 5, 8, 7, 4, 9, 4, 5, 6, 5, 6, 5, 5, 7, 9, 4, 9, 9, 3, 7, 5, 7, 8, 5, 9, 4, 4, 5, 6, 4, 5, 7, 5, 7, 5, 7, 5, 4]
CE exists calls [11, 13, 10, 11, 11, 15, 11, 11, 11, 15, 10, 8, 13, 8, 14, 12, 10, 13, 7, 12, 13, 8, 9, 7, 13, 15, 13, 6, 15, 12, 5, 12, 8, 12, 14, 7, 12, 12, 9, 10, 10, 14, 6, 13, 8, 12, 12, 19, 9, 7]
CE exists calls times [0.0, 0.0, 0.0, 0.0, 0.0, 0.0, 0.0, 0.0, 0.0, 0.0, 0.0, 0.0, 0.0, 0.0, 0.0, 0.0, 0.0, 0.0, 0.0, 0.0, 0.0, 0.0, 0.0, 0.0, 0.0, 0.0, 0.0, 0.0, 0.0, 0.0, 0.0, 0.0, 0.0, 0.0, 0.0, 0.0, 0.0, 0.0, 0.0, 0.0, 0.0, 0.0, 0.0, 0.0, 0.0, 0.0, 0.0, 0.0, 0.0, 0.0]
CE dominated calls [10, 12, 9, 10, 10, 14, 10, 10, 10, 14, 9, 7, 12, 7, 13, 11, 9, 12, 6, 11, 12, 7, 8, 6, 12, 14, 12, 5, 14, 11, 4, 11, 7, 11, 13, 6, 11, 11, 8, 9, 9, 13, 5, 12, 7, 11, 11, 18, 8, 6]
CE dominated calls times [0.0, 0.0, 0.0, 0.0, 0.0, 0.0, 0.0, 0.0, 0.0, 0.0, 0.0, 0.0, 0.0, 0.0, 0.0, 0.0, 0.0, 0.0, 0.0, 0.0, 0.0, 0.0, 0.0, 0.0, 0.0, 0.0, 0.0, 0.0, 0.0, 0.0, 0.0, 0.0, 0.0, 0.0, 0.0, 0.0, 0.0, 0.0, 0.0, 0.0, 0.0, 0.0, 0.0, 0.0, 0.0, 0.0, 0.0, 0.0, 0.0, 0.0]
CE total nbr calls [21, 25, 19, 21, 21, 29, 21, 21, 21, 29, 19, 15, 25, 15, 27, 23, 19, 25, 13, 23, 25, 15, 17, 13, 25, 29, 25, 11, 29, 23, 9, 23, 15, 23, 27, 13, 23, 23, 17, 19, 19, 27, 11, 25, 15, 23, 23, 37, 17, 13]
CE times process [0.1, 0.1, 0.06, 0.1, 0.08, 0.16, 0.1, 0.09, 0.08, 0.16, 0.08, 0.06, 0.11, 0.04, 0.15, 0.13, 0.06, 0.12, 0.05, 0.12, 0.11, 0.07, 0.08, 0.02, 0.11, 0.16, 0.15, 0.03, 0.14, 0.12, 0.04, 0.12, 0.05, 0.08, 0.13, 0.06, 0.13, 0.11, 0.05, 0.06, 0.09, 0.13, 0.04, 0.1, 0.05, 0.11, 0.11, 0.21, 0.07, 0.05]
CE times perf [0.1, 0.1, 0.06, 0.1, 0.08, 0.16, 0.1, 0.09, 0.08, 0.16, 0.08, 0.06, 0.11, 0.04, 0.15, 0.13, 0.06, 0.12, 0.05, 0.12, 0.11, 0.07, 0.08, 0.02, 0.11, 0.16, 0.15, 0.03, 0.14, 0.12, 0.04, 0.12, 0.05, 0.08, 0.13, 0.06, 0.13, 0.11, 0.05, 0.06, 0.09, 0.13, 0.04, 0.1, 0.05, 0.11, 0.11, 0.21, 0.07, 0.05]
CE times [0.1, 0.1, 0.06, 0.1, 0.08, 0.16, 0.1, 0.09, 0.08, 0.16, 0.08, 0.06, 0.11, 0.04, 0.15, 0.13, 0.06, 0.12, 0.05, 0.12, 0.11, 0.07, 0.08, 0.02, 0.11, 0.16, 0.15, 0.03, 0.14, 0.12, 0.04, 0.12, 0.05, 0.08, 0.13, 0.06, 0.13, 0.11, 0.05, 0.06, 0.09, 0.13, 0.04, 0.1, 0.05, 0.11, 0.11, 0.21, 0.07, 0.05]
DA antichain sizes [7, 7, 7, 7, 7, 7, 7, 7, 7, 7, 7, 7, 7, 7, 7, 7, 7, 7, 7, 7, 7, 7, 7, 7, 7, 7, 7, 7, 7, 7, 7, 7, 7, 7, 7, 7, 7, 7, 7, 7, 7, 7, 7, 7, 7, 7, 7, 7, 7, 7]
DA call1 calls [8, 8, 8, 8, 8, 8, 8, 8, 8, 8, 8, 8, 8, 8, 8, 8, 8, 8, 8, 8, 8, 8, 8, 8, 8, 8, 8, 8, 8, 8, 8, 8, 8, 8, 8, 8, 8, 8, 8, 8, 8, 8, 8, 8, 8, 8, 8, 8, 8, 8]
DA call1 calls times [0.0, 0.0, 0.0, 0.0, 0.0, 0.0, 0.0, 0.0, 0.0, 0.0, 0.0, 0.0, 0.0, 0.0, 0.0, 0.0, 0.0, 0.0, 0.0, 0.0, 0.0, 0.0, 0.0, 0.0, 0.0, 0.0, 0.0, 0.0, 0.0, 0.0, 0.0, 0.0, 0.0, 0.0, 0.0, 0.0, 0.0, 0.0, 0.0, 0.0, 0.0, 0.0, 0.0, 0.0, 0.0, 0.0, 0.0, 0.0, 0.0, 0.0]
DA call2 calls [7, 7, 7, 7, 7, 7, 7, 7, 7, 7, 7, 7, 7, 7, 7, 7, 7, 7, 7, 7, 7, 7, 7, 7, 7, 7, 7, 7, 7, 7, 7, 7, 7, 7, 7, 7, 7, 7, 7, 7, 7, 7, 7, 7, 7, 7, 7, 7, 7, 7]
DA call2 calls times [0.0, 0.0, 0.0, 0.0, 0.0, 0.0, 0.0, 0.0, 0.0, 0.0, 0.0, 0.0, 0.0, 0.0, 0.0, 0.0, 0.0, 0.0, 0.0, 0.0, 0.0, 0.0, 0.0, 0.0, 0.0, 0.0, 0.0, 0.0, 0.0, 0.0, 0.0, 0.0, 0.0, 0.0, 0.0, 0.0, 0.0, 0.0, 0.0, 0.0, 0.0, 0.0, 0.0, 0.0, 0.0, 0.0, 0.0, 0.0, 0.0, 0.0]
DA total nbr calls [15, 15, 15, 15, 15, 15, 15, 15, 15, 15, 15, 15, 15, 15, 15, 15, 15, 15, 15, 15, 15, 15, 15, 15, 15, 15, 15, 15, 15, 15, 15, 15, 15, 15, 15, 15, 15, 15, 15, 15, 15, 15, 15, 15, 15, 15, 15, 15, 15, 15]
DA times process [0.02, 0.02, 0.01, 0.01, 0.02, 0.02, 0.02, 0.02, 0.02, 0.02, 0.02, 0.02, 0.02, 0.02, 0.02, 0.02, 0.02, 0.02, 0.02, 0.02, 0.02, 0.02, 0.02, 0.02, 0.02, 0.02, 0.02, 0.01, 0.02, 0.02, 0.02, 0.02, 0.01, 0.02, 0.02, 0.02, 0.02, 0.02, 0.01, 0.02, 0.02, 0.01, 0.01, 0.01, 0.01, 0.01, 0.01, 0.02, 0.01, 0.01]
DA times perf [0.02, 0.02, 0.01, 0.01, 0.02, 0.02, 0.02, 0.02, 0.02, 0.02, 0.02, 0.02, 0.02, 0.02, 0.02, 0.02, 0.02, 0.02, 0.02, 0.02, 0.02, 0.02, 0.02, 0.02, 0.02, 0.02, 0.02, 0.01, 0.02, 0.02, 0.02, 0.02, 0.01, 0.02, 0.02, 0.02, 0.02, 0.02, 0.01, 0.02, 0.02, 0.01, 0.01, 0.01, 0.01, 0.01, 0.01, 0.02, 0.01, 0.01]
DA times [0.02, 0.02, 0.01, 0.01, 0.02, 0.02, 0.02, 0.02, 0.02, 0.02, 0.02, 0.02, 0.02, 0.02, 0.02, 0.02, 0.02, 0.02, 0.02, 0.02, 0.02, 0.02, 0.02, 0.02, 0.02, 0.02, 0.02, 0.01, 0.02, 0.02, 0.02, 0.02, 0.01, 0.02, 0.02, 0.02, 0.02, 0.02, 0.01, 0.02, 0.02, 0.01, 0.01, 0.01, 0.01, 0.01, 0.01, 0.02, 0.01, 0.01]

0.09, 0.09, 0.09
0.02, 0.02, 0.02
Mean Antichain Size 7.00
Number Losing Payoffs 46.32
Number Realizable Payoffs 127.00
CE mean antichain size 5.98
CE nbr exists calls 10.96
CE mean exists time 0.00
CE nbr dominated calls 9.96
CE mean dominated time 0.00
CE total nbr calls 20.92
DA mean antichain size 7.00
DA nbr call1 calls 8.00
DA mean call1 time 0.00
DA nbr call2 calls 7.00
DA mean call2 time 0.00
DA total nbr calls 15.00



Size 6
Antichain sizes [6, 6, 6, 6, 6, 6, 6, 6, 6, 6, 6, 6, 6, 6, 6, 6, 6, 6, 6, 6, 6, 6, 6, 6, 6, 6, 6, 6, 6, 6, 6, 6, 6, 6, 6, 6, 6, 6, 6, 6, 6, 6, 6, 6, 6, 6, 6, 6, 6, 6]
Number of payoffs losing P0 [34, 30, 20, 23, 27, 24, 36, 33, 26, 20, 28, 31, 25, 36, 26, 25, 33, 43, 34, 29, 30, 18, 23, 34, 33, 28, 34, 27, 30, 22, 34, 40, 12, 31, 32, 28, 36, 24, 24, 24, 16, 29, 40, 42, 25, 19, 30, 29, 29, 15]
Number of payoffs realizable [63, 63, 63, 63, 63, 63, 63, 63, 63, 63, 63, 63, 63, 63, 63, 63, 63, 63, 63, 63, 63, 63, 63, 63, 63, 63, 63, 63, 63, 63, 63, 63, 63, 63, 63, 63, 63, 63, 63, 63, 63, 63, 63, 63, 63, 63, 63, 63, 63, 63]
CE antichain sizes [4, 6, 4, 5, 3, 5, 5, 4, 6, 6, 5, 4, 7, 3, 5, 4, 3, 7, 4, 3, 5, 3, 5, 4, 3, 6, 3, 4, 3, 6, 4, 5, 4, 3, 4, 4, 4, 7, 5, 8, 3, 6, 4, 3, 3, 4, 4, 4, 3, 4]
CE exists calls [9, 7, 6, 7, 9, 10, 11, 11, 7, 12, 10, 10, 11, 9, 7, 9, 8, 10, 8, 5, 9, 6, 7, 5, 7, 11, 10, 8, 6, 9, 12, 12, 6, 7, 12, 10, 8, 12, 7, 11, 5, 10, 12, 11, 8, 8, 13, 7, 8, 6]
CE exists calls times [0.0, 0.0, 0.0, 0.0, 0.0, 0.0, 0.0, 0.0, 0.0, 0.0, 0.0, 0.0, 0.0, 0.0, 0.0, 0.0, 0.0, 0.0, 0.0, 0.0, 0.0, 0.0, 0.0, 0.0, 0.0, 0.0, 0.0, 0.0, 0.0, 0.0, 0.0, 0.0, 0.0, 0.0, 0.0, 0.0, 0.0, 0.0, 0.0, 0.0, 0.0, 0.0, 0.0, 0.0, 0.0, 0.0, 0.0, 0.0, 0.0, 0.0]
CE dominated calls [8, 6, 5, 6, 8, 9, 10, 10, 6, 11, 9, 9, 10, 8, 6, 8, 7, 9, 7, 4, 8, 5, 6, 4, 6, 10, 9, 7, 5, 8, 11, 11, 5, 6, 11, 9, 7, 11, 6, 10, 4, 9, 11, 10, 7, 7, 12, 6, 7, 5]
CE dominated calls times [0.0, 0.0, 0.0, 0.0, 0.0, 0.0, 0.0, 0.0, 0.0, 0.0, 0.0, 0.0, 0.0, 0.0, 0.0, 0.0, 0.0, 0.0, 0.0, 0.0, 0.0, 0.0, 0.0, 0.0, 0.0, 0.0, 0.0, 0.0, 0.0, 0.0, 0.0, 0.0, 0.0, 0.0, 0.0, 0.0, 0.0, 0.0, 0.0, 0.0, 0.0, 0.0, 0.0, 0.0, 0.0, 0.0, 0.0, 0.0, 0.0, 0.0]
CE total nbr calls [17, 13, 11, 13, 17, 19, 21, 21, 13, 23, 19, 19, 21, 17, 13, 17, 15, 19, 15, 9, 17, 11, 13, 9, 13, 21, 19, 15, 11, 17, 23, 23, 11, 13, 23, 19, 15, 23, 13, 21, 9, 19, 23, 21, 15, 15, 25, 13, 15, 11]
CE times process [0.05, 0.05, 0.04, 0.03, 0.04, 0.08, 0.06, 0.06, 0.03, 0.09, 0.06, 0.07, 0.08, 0.07, 0.02, 0.04, 0.06, 0.08, 0.05, 0.04, 0.06, 0.02, 0.03, 0.03, 0.04, 0.08, 0.06, 0.05, 0.04, 0.05, 0.06, 0.11, 0.02, 0.04, 0.08, 0.07, 0.06, 0.07, 0.02, 0.08, 0.02, 0.05, 0.07, 0.07, 0.04, 0.04, 0.07, 0.04, 0.04, 0.02]
CE times perf [0.05, 0.05, 0.04, 0.03, 0.04, 0.08, 0.06, 0.06, 0.03, 0.09, 0.06, 0.07, 0.08, 0.07, 0.02, 0.04, 0.06, 0.08, 0.05, 0.04, 0.06, 0.02, 0.03, 0.03, 0.04, 0.08, 0.06, 0.05, 0.04, 0.05, 0.06, 0.11, 0.02, 0.04, 0.08, 0.07, 0.06, 0.07, 0.02, 0.08, 0.02, 0.05, 0.07, 0.07, 0.04, 0.04, 0.07, 0.04, 0.04, 0.02]
CE times [0.05, 0.05, 0.04, 0.03, 0.04, 0.08, 0.06, 0.06, 0.03, 0.09, 0.06, 0.07, 0.08, 0.07, 0.02, 0.04, 0.06, 0.08, 0.05, 0.04, 0.06, 0.02, 0.03, 0.03, 0.04, 0.08, 0.06, 0.05, 0.04, 0.05, 0.06, 0.11, 0.02, 0.04, 0.08, 0.07, 0.06, 0.07, 0.02, 0.08, 0.02, 0.05, 0.07, 0.07, 0.04, 0.04, 0.07, 0.04, 0.04, 0.02]
DA antichain sizes [6, 6, 6, 6, 6, 6, 6, 6, 6, 6, 6, 6, 6, 6, 6, 6, 6, 6, 6, 6, 6, 6, 6, 6, 6, 6, 6, 6, 6, 6, 6, 6, 6, 6, 6, 6, 6, 6, 6, 6, 6, 6, 6, 6, 6, 6, 6, 6, 6, 6]
DA call1 calls [7, 7, 7, 7, 7, 7, 7, 7, 7, 7, 7, 7, 7, 7, 7, 7, 7, 7, 7, 7, 7, 7, 7, 7, 7, 7, 7, 7, 7, 7, 7, 7, 7, 7, 7, 7, 7, 7, 7, 7, 7, 7, 7, 7, 7, 7, 7, 7, 7, 7]
DA call1 calls times [0.0, 0.0, 0.0, 0.0, 0.0, 0.0, 0.0, 0.0, 0.0, 0.0, 0.0, 0.0, 0.0, 0.0, 0.0, 0.0, 0.0, 0.0, 0.0, 0.0, 0.0, 0.0, 0.0, 0.0, 0.0, 0.0, 0.0, 0.0, 0.0, 0.0, 0.0, 0.0, 0.0, 0.0, 0.0, 0.0, 0.0, 0.0, 0.0, 0.0, 0.0, 0.0, 0.0, 0.0, 0.0, 0.0, 0.0, 0.0, 0.0, 0.0]
DA call2 calls [6, 6, 6, 6, 6, 6, 6, 6, 6, 6, 6, 6, 6, 6, 6, 6, 6, 6, 6, 6, 6, 6, 6, 6, 6, 6, 6, 6, 6, 6, 6, 6, 6, 6, 6, 6, 6, 6, 6, 6, 6, 6, 6, 6, 6, 6, 6, 6, 6, 6]
DA call2 calls times [0.0, 0.0, 0.0, 0.0, 0.0, 0.0, 0.0, 0.0, 0.0, 0.0, 0.0, 0.0, 0.0, 0.0, 0.0, 0.0, 0.0, 0.0, 0.0, 0.0, 0.0, 0.0, 0.0, 0.0, 0.0, 0.0, 0.0, 0.0, 0.0, 0.0, 0.0, 0.0, 0.0, 0.0, 0.0, 0.0, 0.0, 0.0, 0.0, 0.0, 0.0, 0.0, 0.0, 0.0, 0.0, 0.0, 0.0, 0.0, 0.0, 0.0]
DA total nbr calls [13, 13, 13, 13, 13, 13, 13, 13, 13, 13, 13, 13, 13, 13, 13, 13, 13, 13, 13, 13, 13, 13, 13, 13, 13, 13, 13, 13, 13, 13, 13, 13, 13, 13, 13, 13, 13, 13, 13, 13, 13, 13, 13, 13, 13, 13, 13, 13, 13, 13]
DA times process [0.01, 0.01, 0.01, 0.01, 0.01, 0.01, 0.01, 0.01, 0.01, 0.01, 0.01, 0.01, 0.01, 0.01, 0.01, 0.01, 0.01, 0.01, 0.01, 0.01, 0.01, 0.01, 0.01, 0.01, 0.01, 0.01, 0.01, 0.01, 0.01, 0.01, 0.01, 0.01, 0.01, 0.01, 0.01, 0.01, 0.01, 0.01, 0.01, 0.01, 0.01, 0.01, 0.01, 0.01, 0.01, 0.01, 0.01, 0.01, 0.01, 0.01]
DA times perf [0.01, 0.01, 0.01, 0.01, 0.01, 0.01, 0.01, 0.01, 0.01, 0.01, 0.01, 0.01, 0.01, 0.01, 0.01, 0.01, 0.01, 0.01, 0.01, 0.01, 0.01, 0.01, 0.01, 0.01, 0.01, 0.01, 0.01, 0.01, 0.01, 0.01, 0.01, 0.01, 0.01, 0.01, 0.01, 0.01, 0.01, 0.01, 0.01, 0.01, 0.01, 0.01, 0.01, 0.01, 0.01, 0.01, 0.01, 0.01, 0.01, 0.01]
DA times [0.01, 0.01, 0.01, 0.01, 0.01, 0.01, 0.01, 0.01, 0.01, 0.01, 0.01, 0.01, 0.01, 0.01, 0.01, 0.01, 0.01, 0.01, 0.01, 0.01, 0.01, 0.01, 0.01, 0.01, 0.01, 0.01, 0.01, 0.01, 0.01, 0.01, 0.01, 0.01, 0.01, 0.01, 0.01, 0.01, 0.01, 0.01, 0.01, 0.01, 0.01, 0.01, 0.01, 0.01, 0.01, 0.01, 0.01, 0.01, 0.01, 0.01]

0.05, 0.05, 0.05
0.01, 0.01, 0.01
Mean Antichain Size 6.00
Number Losing Payoffs 28.42
Number Realizable Payoffs 63.00
CE mean antichain size 4.42
CE nbr exists calls 8.78
CE mean exists time 0.00
CE nbr dominated calls 7.78
CE mean dominated time 0.00
CE total nbr calls 16.56
DA mean antichain size 6.00
DA nbr call1 calls 7.00
DA mean call1 time 0.00
DA nbr call2 calls 6.00
DA mean call2 time 0.00
DA total nbr calls 13.00



