Size 15
Antichain sizes [580, 604, 635, 580, 512, 548, 424, 619, 555, 487, 606, 584, 553, 544, 589, 576, 537, 597, 504, 550]
Number of payoffs losing P0 [734, 607, 710, 563, 861, 401, 500, 533, 455, 666, 642, 721, 544, 467, 510, 558, 381, 662, 559, 746]
Number of payoffs realizable [3224, 3142, 3750, 2392, 2637, 2267, 1957, 3337, 2644, 2166, 2939, 2471, 2557, 2802, 2827, 2752, 2508, 2763, 2643, 2662]
CE antichain sizes [32, 2, 10, 6, 7, 28, 8, 24, 1, 7, 10, 11, 5, 18, 9, 25, 7, 4, 4, 6]
CE exists calls [42, 3, 14, 7, 9, 32, 12, 33, 2, 9, 15, 18, 6, 21, 10, 29, 8, 5, 6, 8]
CE exists calls times [0.02, 0.0, 0.0, 0.0, 0.0, 0.02, 0.0, 0.01, 0.0, 0.0, 0.0, 0.0, 0.0, 0.0, 0.0, 0.01, 0.0, 0.0, 0.0, 0.0]
CE dominated calls [42, 3, 14, 7, 9, 32, 12, 33, 2, 9, 15, 18, 6, 21, 10, 29, 8, 5, 6, 8]
CE dominated calls times [0.0, 0.0, 0.0, 0.0, 0.0, 0.0, 0.0, 0.0, 0.01, 0.0, 0.0, 0.0, 0.0, 0.0, 0.0, 0.0, 0.0, 0.0, 0.0, 0.0]
CE total nbr calls [84, 6, 28, 14, 18, 64, 24, 66, 4, 18, 30, 36, 12, 42, 20, 58, 16, 10, 12, 16]
CE times process [0.83, 0.01, 0.04, 0.02, 0.03, 0.7, 0.03, 0.52, 0.01, 0.04, 0.05, 0.09, 0.02, 0.13, 0.02, 0.42, 0.02, 0.02, 0.01, 0.02]
CE times perf [0.83, 0.01, 0.04, 0.02, 0.03, 0.7, 0.03, 0.52, 0.01, 0.04, 0.05, 0.09, 0.02, 0.13, 0.02, 0.42, 0.02, 0.02, 0.01, 0.02]
CE times [0.83, 0.01, 0.04, 0.02, 0.03, 0.7, 0.03, 0.52, 0.01, 0.04, 0.05, 0.09, 0.02, 0.13, 0.02, 0.42, 0.02, 0.02, 0.01, 0.02]
DA antichain sizes [130, 50, 26, 18, 3, 101, 19, 231, 40, 11, 11, 78, 91, 88, 280, 76, 94, 19, 134, 6]
DA call1 calls [25899, 24270, 21895, 24208, 17452, 28211, 25502, 28041, 24526, 23732, 23098, 28035, 27811, 25881, 29064, 27171, 27900, 23107, 28094, 19409]
DA call1 calls times [0.0, 0.0, 0.0, 0.0, 0.0, 0.0, 0.0, 0.0, 0.0, 0.0, 0.0, 0.0, 0.0, 0.0, 0.0, 0.0, 0.0, 0.0, 0.0, 0.0]
DA call2 calls [130, 50, 26, 18, 3, 101, 19, 231, 40, 11, 11, 78, 91, 88, 280, 76, 94, 19, 134, 6]
DA call2 calls times [0.0, 0.0, 0.0, 0.0, 0.0, 0.0, 0.0, 0.0, 0.0, 0.0, 0.0, 0.0, 0.0, 0.0, 0.0, 0.0, 0.0, 0.0, 0.0, 0.0]
DA total nbr calls [26029, 24320, 21921, 24226, 17455, 28312, 25521, 28272, 24566, 23743, 23109, 28113, 27902, 25969, 29344, 27247, 27994, 23126, 28228, 19415]
DA times process [7.22, 6.14, 5.61, 5.82, 4.27, 7.6, 6.32, 8.95, 6.19, 5.8, 5.68, 7.3, 7.53, 7.19, 8.7, 8.12, 7.86, 5.82, 8.28, 5.85]
DA times perf [7.22, 6.14, 5.61, 5.82, 4.27, 7.6, 6.32, 8.95, 6.19, 5.8, 5.68, 7.3, 7.53, 7.19, 8.71, 8.12, 7.86, 5.82, 8.28, 5.85]
DA times [7.22, 6.14, 5.61, 5.82, 4.27, 7.6, 6.32, 8.95, 6.19, 5.8, 5.68, 7.3, 7.53, 7.19, 8.71, 8.12, 7.86, 5.82, 8.28, 5.85]

0.15, 0.15, 0.15
6.81, 6.81, 6.81
Mean Antichain Size 559.20
Number Losing Payoffs 591.00
Number Realizable Payoffs 2722.00
CE mean antichain size 11.20
CE nbr exists calls 14.45
CE mean exists time 0.00
CE nbr dominated calls 14.45
CE mean dominated time 0.00
CE total nbr calls 28.90
DA mean antichain size 75.30
DA nbr call1 calls 25165.30
DA mean call1 time 0.00
DA nbr call2 calls 75.30
DA mean call2 time 0.00
DA total nbr calls 25240.60



Size 14
Antichain sizes [396, 389, 349, 433, 369, 351, 358, 369, 338, 449, 369, 399, 430, 418, 373, 400, 377, 432, 339, 372]
Number of payoffs losing P0 [596, 491, 288, 339, 380, 419, 279, 545, 439, 626, 267, 316, 463, 917, 263, 378, 281, 330, 434, 398]
Number of payoffs realizable [1929, 1602, 1259, 1938, 1708, 1618, 1690, 2400, 1997, 2187, 1531, 2015, 1773, 2314, 1663, 1755, 1898, 1630, 1362, 1903]
CE antichain sizes [15, 18, 8, 19, 38, 9, 7, 28, 18, 7, 6, 18, 18, 10, 19, 12, 30, 38, 11, 10]
CE exists calls [22, 29, 10, 29, 48, 13, 8, 39, 34, 9, 8, 25, 23, 11, 26, 16, 36, 50, 13, 12]
CE exists calls times [0.0, 0.0, 0.0, 0.01, 0.03, 0.0, 0.0, 0.02, 0.01, 0.0, 0.0, 0.01, 0.0, 0.0, 0.01, 0.0, 0.01, 0.02, 0.0, 0.0]
CE dominated calls [22, 29, 10, 29, 48, 13, 8, 39, 34, 9, 8, 25, 23, 11, 26, 16, 36, 50, 13, 12]
CE dominated calls times [0.0, 0.0, 0.0, 0.0, 0.0, 0.0, 0.0, 0.0, 0.0, 0.0, 0.0, 0.0, 0.0, 0.0, 0.0, 0.0, 0.0, 0.0, 0.0, 0.0]
CE total nbr calls [44, 58, 20, 58, 96, 26, 16, 78, 68, 18, 16, 50, 46, 22, 52, 32, 72, 100, 26, 24]
CE times process [0.13, 0.2, 0.03, 0.47, 1.36, 0.04, 0.02, 0.96, 0.36, 0.02, 0.02, 0.19, 0.13, 0.02, 0.28, 0.1, 0.64, 1.35, 0.06, 0.03]
CE times perf [0.13, 0.2, 0.03, 0.47, 1.36, 0.04, 0.02, 0.96, 0.36, 0.02, 0.02, 0.19, 0.13, 0.02, 0.28, 0.1, 0.64, 1.35, 0.06, 0.03]
CE times [0.13, 0.2, 0.03, 0.47, 1.36, 0.04, 0.02, 0.96, 0.36, 0.02, 0.02, 0.19, 0.13, 0.02, 0.28, 0.1, 0.64, 1.35, 0.06, 0.03]
DA antichain sizes [74, 6, 7, 34, 186, 39, 89, 28, 142, 2, 50, 131, 39, 32, 359, 34, 146, 267, 51, 105]
DA call1 calls [13006, 10142, 12941, 12131, 13917, 13041, 13299, 10064, 13507, 7304, 13386, 13388, 12974, 10777, 15061, 11241, 13533, 14770, 13579, 13400]
DA call1 calls times [0.0, 0.0, 0.0, 0.0, 0.0, 0.0, 0.0, 0.0, 0.0, 0.0, 0.0, 0.0, 0.0, 0.0, 0.0, 0.0, 0.0, 0.0, 0.0, 0.0]
DA call2 calls [74, 6, 7, 34, 186, 39, 89, 28, 142, 2, 50, 131, 39, 32, 359, 34, 146, 267, 51, 105]
DA call2 calls times [0.0, 0.0, 0.0, 0.0, 0.0, 0.0, 0.0, 0.0, 0.0, 0.0, 0.0, 0.0, 0.0, 0.0, 0.0, 0.0, 0.0, 0.0, 0.0, 0.0]
DA total nbr calls [13080, 10148, 12948, 12165, 14103, 13080, 13388, 10092, 13649, 7306, 13436, 13519, 13013, 10809, 15420, 11275, 13679, 15037, 13630, 13505]
DA times process [3.6, 2.62, 3.45, 3.07, 4.08, 3.23, 3.55, 2.55, 3.9, 1.76, 3.26, 3.71, 3.15, 2.69, 4.51, 2.92, 4.01, 4.56, 3.51, 4.02]
DA times perf [3.6, 2.62, 3.45, 3.07, 4.08, 3.23, 3.55, 2.55, 3.9, 1.76, 3.26, 3.71, 3.15, 2.69, 4.51, 2.92, 4.01, 4.56, 3.51, 4.02]
DA times [3.6, 2.62, 3.45, 3.07, 4.08, 3.23, 3.55, 2.55, 3.9, 1.76, 3.26, 3.71, 3.15, 2.69, 4.51, 2.92, 4.01, 4.56, 3.51, 4.02]

0.32, 0.32, 0.32
3.41, 3.41, 3.41
Mean Antichain Size 385.50
Number Losing Payoffs 422.45
Number Realizable Payoffs 1808.60
CE mean antichain size 16.95
CE nbr exists calls 23.05
CE mean exists time 0.01
CE nbr dominated calls 23.05
CE mean dominated time 0.00
CE total nbr calls 46.10
DA mean antichain size 91.05
DA nbr call1 calls 12573.05
DA mean call1 time 0.00
DA nbr call2 calls 91.05
DA mean call2 time 0.00
DA total nbr calls 12664.10



Size 13
Antichain sizes [266, 273, 266, 282, 255, 291, 317, 234, 291, 269, 287, 249, 232, 256, 237, 258, 287, 240, 345, 274]
Number of payoffs losing P0 [422, 401, 412, 502, 340, 290, 209, 259, 239, 261, 334, 416, 280, 297, 431, 171, 214, 238, 254, 263]
Number of payoffs realizable [1735, 1450, 1300, 1829, 1268, 1340, 1243, 1170, 1214, 1289, 1131, 1398, 897, 1014, 1301, 1171, 1334, 1169, 1695, 1510]
CE antichain sizes [18, 18, 6, 24, 31, 10, 48, 13, 7, 9, 9, 12, 12, 32, 10, 10, 6, 12, 24, 12]
CE exists calls [24, 29, 8, 32, 40, 11, 64, 18, 8, 14, 14, 14, 14, 53, 13, 14, 8, 16, 33, 17]
CE exists calls times [0.01, 0.01, 0.0, 0.01, 0.02, 0.0, 0.04, 0.0, 0.0, 0.0, 0.0, 0.0, 0.0, 0.02, 0.0, 0.0, 0.0, 0.0, 0.01, 0.0]
CE dominated calls [24, 29, 8, 32, 40, 11, 64, 18, 8, 14, 14, 14, 14, 53, 13, 14, 8, 16, 33, 17]
CE dominated calls times [0.0, 0.0, 0.0, 0.0, 0.0, 0.0, 0.0, 0.0, 0.0, 0.0, 0.0, 0.0, 0.0, 0.0, 0.0, 0.0, 0.0, 0.0, 0.0, 0.0]
CE total nbr calls [48, 58, 16, 64, 80, 22, 128, 36, 16, 28, 28, 28, 28, 106, 26, 28, 16, 32, 66, 34]
CE times process [0.17, 0.33, 0.02, 0.48, 0.69, 0.04, 2.58, 0.1, 0.02, 0.05, 0.04, 0.05, 0.06, 1.36, 0.03, 0.03, 0.01, 0.06, 0.41, 0.06]
CE times perf [0.17, 0.33, 0.02, 0.48, 0.69, 0.04, 2.58, 0.1, 0.02, 0.05, 0.04, 0.05, 0.06, 1.36, 0.03, 0.03, 0.01, 0.06, 0.41, 0.06]
CE times [0.17, 0.33, 0.02, 0.48, 0.69, 0.04, 2.58, 0.1, 0.02, 0.05, 0.04, 0.05, 0.06, 1.36, 0.03, 0.03, 0.01, 0.06, 0.41, 0.06]
DA antichain sizes [39, 10, 5, 142, 61, 189, 227, 137, 78, 104, 4, 4, 133, 139, 24, 31, 214, 151, 323, 109]
DA call1 calls [5181, 4648, 4746, 5937, 6149, 6691, 7083, 7023, 6335, 6221, 4827, 4171, 7235, 7086, 5232, 5862, 6949, 6991, 6797, 6245]
DA call1 calls times [0.0, 0.0, 0.0, 0.0, 0.0, 0.0, 0.0, 0.0, 0.0, 0.0, 0.0, 0.0, 0.0, 0.0, 0.0, 0.0, 0.0, 0.0, 0.0, 0.0]
DA call2 calls [39, 10, 5, 142, 61, 189, 227, 137, 78, 104, 4, 4, 133, 139, 24, 31, 214, 151, 323, 109]
DA call2 calls times [0.0, 0.0, 0.0, 0.0, 0.0, 0.0, 0.0, 0.0, 0.0, 0.0, 0.0, 0.0, 0.0, 0.0, 0.0, 0.0, 0.0, 0.0, 0.0, 0.0]
DA total nbr calls [5220, 4658, 4751, 6079, 6210, 6880, 7310, 7160, 6413, 6325, 4831, 4175, 7368, 7225, 5256, 5893, 7163, 7142, 7120, 6354]
DA times process [1.42, 1.17, 1.31, 2.03, 1.69, 2.01, 2.16, 2.11, 1.66, 1.75, 1.21, 1.03, 2.02, 2.36, 1.4, 1.44, 2.05, 2.12, 2.41, 1.77]
DA times perf [1.42, 1.17, 1.31, 2.03, 1.69, 2.01, 2.16, 2.11, 1.68, 1.77, 1.21, 1.04, 2.04, 2.36, 1.4, 1.44, 2.05, 2.12, 2.41, 1.77]
DA times [1.42, 1.17, 1.31, 2.03, 1.69, 2.01, 2.16, 2.11, 1.68, 1.77, 1.21, 1.04, 2.04, 2.36, 1.4, 1.44, 2.05, 2.12, 2.41, 1.77]

0.33, 0.33, 0.33
1.76, 1.76, 1.76
Mean Antichain Size 270.45
Number Losing Payoffs 311.65
Number Realizable Payoffs 1322.90
CE mean antichain size 16.15
CE nbr exists calls 22.20
CE mean exists time 0.01
CE nbr dominated calls 22.20
CE mean dominated time 0.00
CE total nbr calls 44.40
DA mean antichain size 106.20
DA nbr call1 calls 6070.45
DA mean call1 time 0.00
DA nbr call2 calls 106.20
DA mean call2 time 0.00
DA total nbr calls 6176.65



Size 12
Antichain sizes [204, 166, 195, 166, 182, 183, 195, 233, 188, 182, 183, 206, 178, 201, 227, 202, 205, 212, 192, 224]
Number of payoffs losing P0 [260, 286, 326, 277, 185, 269, 282, 423, 487, 202, 178, 257, 219, 243, 345, 330, 238, 201, 225, 238]
Number of payoffs realizable [1034, 867, 997, 754, 691, 930, 791, 1120, 1072, 730, 860, 1092, 1068, 900, 1054, 1090, 950, 924, 901, 914]
CE antichain sizes [12, 5, 7, 4, 8, 12, 10, 14, 9, 13, 7, 36, 44, 11, 11, 6, 37, 15, 34, 16]
CE exists calls [15, 7, 11, 6, 11, 18, 18, 23, 14, 20, 11, 51, 69, 15, 19, 8, 55, 23, 49, 20]
CE exists calls times [0.0, 0.0, 0.0, 0.0, 0.0, 0.0, 0.0, 0.0, 0.0, 0.0, 0.0, 0.02, 0.02, 0.0, 0.0, 0.0, 0.02, 0.0, 0.02, 0.0]
CE dominated calls [15, 7, 11, 6, 11, 18, 18, 23, 14, 20, 11, 51, 69, 15, 19, 8, 55, 23, 49, 20]
CE dominated calls times [0.0, 0.0, 0.0, 0.0, 0.0, 0.0, 0.0, 0.0, 0.0, 0.0, 0.0, 0.0, 0.0, 0.0, 0.0, 0.0, 0.0, 0.0, 0.0, 0.0]
CE total nbr calls [30, 14, 22, 12, 22, 36, 36, 46, 28, 40, 22, 102, 138, 30, 38, 16, 110, 46, 98, 40]
CE times process [0.06, 0.01, 0.02, 0.01, 0.03, 0.09, 0.07, 0.11, 0.04, 0.06, 0.02, 1.2, 1.65, 0.07, 0.1, 0.02, 1.07, 0.12, 1.08, 0.09]
CE times perf [0.06, 0.01, 0.02, 0.01, 0.03, 0.09, 0.07, 0.11, 0.04, 0.06, 0.02, 1.2, 1.65, 0.08, 0.11, 0.02, 1.07, 0.12, 1.08, 0.09]
CE times [0.06, 0.01, 0.02, 0.01, 0.03, 0.09, 0.07, 0.11, 0.04, 0.06, 0.02, 1.2, 1.65, 0.08, 0.11, 0.02, 1.07, 0.12, 1.08, 0.09]
DA antichain sizes [74, 11, 116, 1, 47, 33, 8, 2, 14, 41, 63, 178, 170, 27, 161, 20, 2, 165, 157, 16]
DA call1 calls [2756, 2364, 3025, 1708, 3004, 2536, 2593, 1373, 1742, 2972, 2960, 3085, 3171, 2590, 2999, 2362, 1876, 3303, 3301, 2538]
DA call1 calls times [0.0, 0.0, 0.0, 0.0, 0.0, 0.0, 0.0, 0.0, 0.0, 0.0, 0.0, 0.0, 0.0, 0.0, 0.0, 0.0, 0.0, 0.0, 0.0, 0.0]
DA call2 calls [74, 11, 116, 1, 47, 33, 8, 2, 14, 41, 63, 178, 170, 27, 161, 20, 2, 165, 157, 16]
DA call2 calls times [0.0, 0.0, 0.0, 0.0, 0.0, 0.0, 0.0, 0.0, 0.0, 0.0, 0.0, 0.0, 0.0, 0.0, 0.0, 0.0, 0.0, 0.0, 0.0, 0.0]
DA total nbr calls [2830, 2375, 3141, 1709, 3051, 2569, 2601, 1375, 1756, 3013, 3023, 3263, 3341, 2617, 3160, 2382, 1878, 3468, 3458, 2554]
DA times process [0.73, 0.59, 0.87, 0.42, 0.75, 0.76, 0.8, 0.36, 0.46, 0.77, 0.78, 0.98, 1.0, 0.68, 0.97, 0.61, 0.45, 0.94, 0.92, 0.61]
DA times perf [0.73, 0.59, 0.87, 0.42, 0.75, 0.76, 0.8, 0.36, 0.46, 0.77, 0.78, 0.98, 1.0, 0.68, 0.98, 0.61, 0.45, 0.94, 0.92, 0.61]
DA times [0.73, 0.59, 0.87, 0.42, 0.75, 0.76, 0.8, 0.36, 0.46, 0.77, 0.78, 0.98, 1.0, 0.68, 0.98, 0.61, 0.45, 0.94, 0.92, 0.61]

0.30, 0.30, 0.30
0.72, 0.72, 0.72
Mean Antichain Size 196.20
Number Losing Payoffs 273.55
Number Realizable Payoffs 936.95
CE mean antichain size 15.55
CE nbr exists calls 23.15
CE mean exists time 0.00
CE nbr dominated calls 23.15
CE mean dominated time 0.00
CE total nbr calls 46.30
DA mean antichain size 65.30
DA nbr call1 calls 2612.90
DA mean call1 time 0.00
DA nbr call2 calls 65.30
DA mean call2 time 0.00
DA total nbr calls 2678.20



Size 11
Antichain sizes [133, 121, 129, 123, 108, 124, 137, 100, 128, 138, 116, 147, 129, 138, 112, 157, 138, 127, 110, 164]
Number of payoffs losing P0 [202, 127, 346, 196, 127, 150, 245, 265, 200, 263, 190, 206, 265, 190, 210, 208, 180, 230, 155, 223]
Number of payoffs realizable [708, 499, 702, 734, 579, 576, 613, 894, 744, 589, 646, 741, 788, 596, 546, 629, 723, 651, 620, 687]
CE antichain sizes [10, 4, 10, 16, 13, 15, 12, 18, 11, 15, 28, 8, 22, 6, 8, 18, 12, 7, 9, 12]
CE exists calls [17, 7, 12, 22, 21, 23, 20, 28, 18, 24, 43, 12, 35, 7, 12, 19, 14, 9, 14, 20]
CE exists calls times [0.0, 0.0, 0.0, 0.0, 0.0, 0.0, 0.0, 0.0, 0.0, 0.0, 0.01, 0.0, 0.01, 0.0, 0.0, 0.0, 0.0, 0.0, 0.0, 0.0]
CE dominated calls [17, 7, 12, 22, 21, 23, 20, 28, 18, 24, 43, 12, 35, 7, 12, 19, 14, 9, 14, 20]
CE dominated calls times [0.0, 0.0, 0.0, 0.0, 0.0, 0.0, 0.0, 0.0, 0.0, 0.0, 0.0, 0.0, 0.0, 0.0, 0.0, 0.0, 0.0, 0.0, 0.0, 0.0]
CE total nbr calls [34, 14, 24, 44, 42, 46, 40, 56, 36, 48, 86, 24, 70, 14, 24, 38, 28, 18, 28, 40]
CE times process [0.05, 0.01, 0.03, 0.1, 0.09, 0.15, 0.08, 0.16, 0.08, 0.1, 0.67, 0.03, 0.28, 0.01, 0.03, 0.1, 0.04, 0.01, 0.04, 0.07]
CE times perf [0.05, 0.01, 0.03, 0.1, 0.09, 0.15, 0.08, 0.16, 0.08, 0.1, 0.67, 0.03, 0.28, 0.01, 0.03, 0.1, 0.04, 0.01, 0.04, 0.07]
CE times [0.05, 0.01, 0.03, 0.1, 0.09, 0.15, 0.08, 0.16, 0.08, 0.1, 0.67, 0.03, 0.28, 0.01, 0.03, 0.1, 0.04, 0.01, 0.04, 0.07]
DA antichain sizes [96, 27, 1, 29, 73, 72, 12, 75, 86, 1, 94, 56, 81, 1, 11, 27, 103, 45, 101, 6]
DA call1 calls [1400, 1266, 395, 1106, 1448, 1475, 1062, 1164, 1271, 695, 1458, 1165, 1243, 634, 1079, 1186, 1395, 1313, 1492, 1028]
DA call1 calls times [0.0, 0.0, 0.0, 0.0, 0.0, 0.0, 0.0, 0.0, 0.0, 0.0, 0.0, 0.0, 0.0, 0.0, 0.0, 0.0, 0.0, 0.0, 0.0, 0.0]
DA call2 calls [96, 27, 1, 29, 73, 72, 12, 75, 86, 1, 94, 56, 81, 1, 11, 27, 103, 45, 101, 6]
DA call2 calls times [0.0, 0.0, 0.0, 0.0, 0.0, 0.0, 0.0, 0.0, 0.0, 0.0, 0.0, 0.0, 0.0, 0.0, 0.0, 0.0, 0.0, 0.0, 0.0, 0.0]
DA total nbr calls [1496, 1293, 396, 1135, 1521, 1547, 1074, 1239, 1357, 696, 1552, 1221, 1324, 635, 1090, 1213, 1498, 1358, 1593, 1034]
DA times process [0.39, 0.3, 0.09, 0.28, 0.38, 0.39, 0.26, 0.34, 0.34, 0.16, 0.41, 0.3, 0.35, 0.15, 0.25, 0.29, 0.39, 0.34, 0.41, 0.25]
DA times perf [0.39, 0.3, 0.09, 0.28, 0.38, 0.39, 0.26, 0.34, 0.34, 0.16, 0.41, 0.3, 0.35, 0.15, 0.25, 0.29, 0.39, 0.34, 0.41, 0.25]
DA times [0.39, 0.3, 0.09, 0.28, 0.38, 0.39, 0.26, 0.34, 0.34, 0.16, 0.41, 0.3, 0.35, 0.15, 0.25, 0.29, 0.39, 0.34, 0.41, 0.25]

0.11, 0.11, 0.11
0.30, 0.30, 0.30
Mean Antichain Size 128.95
Number Losing Payoffs 208.90
Number Realizable Payoffs 663.25
CE mean antichain size 12.70
CE nbr exists calls 18.85
CE mean exists time 0.00
CE nbr dominated calls 18.85
CE mean dominated time 0.00
CE total nbr calls 37.70
DA mean antichain size 49.85
DA nbr call1 calls 1163.75
DA mean call1 time 0.00
DA nbr call2 calls 49.85
DA mean call2 time 0.00
DA total nbr calls 1213.60



Size 10
Antichain sizes [80, 76, 81, 81, 94, 78, 95, 90, 98, 83, 85, 77, 85, 104, 82, 62, 100, 85, 97, 89]
Number of payoffs losing P0 [145, 116, 109, 138, 204, 126, 127, 120, 126, 139, 195, 154, 123, 147, 169, 190, 132, 146, 195, 94]
Number of payoffs realizable [434, 384, 317, 405, 479, 475, 489, 376, 409, 421, 489, 389, 385, 392, 409, 538, 366, 404, 410, 401]
CE antichain sizes [16, 29, 7, 7, 12, 18, 14, 32, 10, 8, 7, 9, 9, 5, 29, 19, 8, 10, 6, 16]
CE exists calls [27, 38, 14, 9, 24, 29, 17, 38, 12, 10, 11, 12, 13, 7, 41, 35, 9, 21, 10, 20]
CE exists calls times [0.0, 0.01, 0.0, 0.0, 0.0, 0.0, 0.0, 0.01, 0.0, 0.0, 0.0, 0.0, 0.0, 0.0, 0.01, 0.01, 0.0, 0.0, 0.0, 0.0]
CE dominated calls [27, 38, 14, 9, 24, 29, 17, 38, 12, 10, 11, 12, 13, 7, 41, 35, 9, 21, 10, 20]
CE dominated calls times [0.0, 0.0, 0.0, 0.0, 0.0, 0.0, 0.0, 0.0, 0.0, 0.0, 0.0, 0.0, 0.0, 0.0, 0.0, 0.0, 0.0, 0.0, 0.0, 0.0]
CE total nbr calls [54, 76, 28, 18, 48, 58, 34, 76, 24, 20, 22, 24, 26, 14, 82, 70, 18, 42, 20, 40]
CE times process [0.11, 0.35, 0.03, 0.01, 0.07, 0.17, 0.08, 0.5, 0.03, 0.02, 0.03, 0.03, 0.03, 0.01, 0.31, 0.29, 0.02, 0.07, 0.02, 0.09]
CE times perf [0.11, 0.35, 0.03, 0.01, 0.07, 0.17, 0.08, 0.5, 0.03, 0.02, 0.03, 0.03, 0.03, 0.01, 0.31, 0.29, 0.02, 0.07, 0.02, 0.09]
CE times [0.11, 0.35, 0.03, 0.01, 0.07, 0.17, 0.08, 0.5, 0.03, 0.02, 0.03, 0.03, 0.03, 0.01, 0.31, 0.29, 0.02, 0.07, 0.02, 0.09]
DA antichain sizes [34, 68, 36, 37, 40, 65, 35, 60, 50, 54, 64, 30, 39, 28, 33, 61, 46, 52, 36, 51]
DA call1 calls [521, 696, 690, 619, 482, 596, 447, 682, 639, 602, 590, 558, 639, 558, 545, 547, 667, 640, 597, 650]
DA call1 calls times [0.0, 0.0, 0.0, 0.0, 0.0, 0.0, 0.0, 0.0, 0.0, 0.0, 0.0, 0.0, 0.0, 0.0, 0.0, 0.0, 0.0, 0.0, 0.0, 0.0]
DA call2 calls [34, 68, 36, 37, 40, 65, 35, 60, 50, 54, 64, 30, 39, 28, 33, 61, 46, 52, 36, 51]
DA call2 calls times [0.0, 0.0, 0.0, 0.0, 0.0, 0.0, 0.0, 0.0, 0.0, 0.0, 0.0, 0.0, 0.0, 0.0, 0.0, 0.0, 0.0, 0.0, 0.0, 0.0]
DA total nbr calls [555, 764, 726, 656, 522, 661, 482, 742, 689, 656, 654, 588, 678, 586, 578, 608, 713, 692, 633, 701]
DA times process [0.13, 0.18, 0.17, 0.16, 0.12, 0.16, 0.11, 0.18, 0.17, 0.16, 0.16, 0.14, 0.16, 0.14, 0.14, 0.15, 0.17, 0.17, 0.15, 0.17]
DA times perf [0.13, 0.18, 0.17, 0.16, 0.12, 0.16, 0.11, 0.18, 0.17, 0.16, 0.16, 0.14, 0.16, 0.14, 0.14, 0.15, 0.17, 0.17, 0.15, 0.17]
DA times [0.13, 0.18, 0.17, 0.16, 0.12, 0.16, 0.11, 0.18, 0.17, 0.16, 0.16, 0.14, 0.16, 0.14, 0.14, 0.15, 0.17, 0.17, 0.15, 0.17]

0.11, 0.11, 0.11
0.15, 0.15, 0.15
Mean Antichain Size 86.10
Number Losing Payoffs 144.75
Number Realizable Payoffs 418.60
CE mean antichain size 13.55
CE nbr exists calls 19.85
CE mean exists time 0.00
CE nbr dominated calls 19.85
CE mean dominated time 0.00
CE total nbr calls 39.70
DA mean antichain size 45.95
DA nbr call1 calls 598.25
DA mean call1 time 0.00
DA nbr call2 calls 45.95
DA mean call2 time 0.00
DA total nbr calls 644.20



Size 9
Antichain sizes [55, 44, 57, 58, 49, 49, 40, 41, 52, 53, 38, 44, 47, 55, 49, 51, 68, 54, 48, 68]
Number of payoffs losing P0 [119, 77, 109, 94, 101, 138, 138, 127, 117, 139, 148, 147, 150, 118, 103, 91, 74, 95, 167, 136]
Number of payoffs realizable [242, 218, 240, 286, 250, 281, 273, 337, 264, 258, 335, 279, 272, 234, 218, 268, 232, 281, 328, 223]
CE antichain sizes [9, 8, 8, 8, 5, 11, 8, 20, 15, 7, 19, 10, 7, 23, 16, 12, 5, 3, 6, 13]
CE exists calls [14, 13, 12, 13, 7, 21, 10, 36, 21, 12, 35, 22, 8, 37, 22, 15, 8, 6, 8, 17]
CE exists calls times [0.0, 0.0, 0.0, 0.0, 0.0, 0.0, 0.0, 0.0, 0.0, 0.0, 0.0, 0.0, 0.0, 0.0, 0.0, 0.0, 0.0, 0.0, 0.0, 0.0]
CE dominated calls [14, 13, 12, 13, 7, 21, 10, 36, 21, 12, 35, 22, 8, 37, 22, 15, 8, 6, 8, 17]
CE dominated calls times [0.0, 0.0, 0.0, 0.0, 0.0, 0.0, 0.0, 0.0, 0.0, 0.0, 0.0, 0.0, 0.0, 0.0, 0.0, 0.0, 0.0, 0.0, 0.0, 0.0]
CE total nbr calls [28, 26, 24, 26, 14, 42, 20, 72, 42, 24, 70, 44, 16, 74, 44, 30, 16, 12, 16, 34]
CE times process [0.03, 0.03, 0.02, 0.03, 0.01, 0.06, 0.01, 0.19, 0.07, 0.03, 0.19, 0.05, 0.01, 0.18, 0.08, 0.05, 0.01, 0.01, 0.01, 0.04]
CE times perf [0.03, 0.03, 0.02, 0.03, 0.01, 0.06, 0.01, 0.19, 0.07, 0.03, 0.19, 0.05, 0.01, 0.18, 0.08, 0.05, 0.01, 0.01, 0.01, 0.04]
CE times [0.03, 0.03, 0.02, 0.03, 0.01, 0.06, 0.01, 0.19, 0.07, 0.03, 0.19, 0.05, 0.01, 0.18, 0.08, 0.05, 0.01, 0.01, 0.01, 0.04]
DA antichain sizes [7, 27, 23, 52, 6, 23, 5, 19, 27, 16, 35, 26, 32, 36, 20, 36, 10, 1, 9, 3]
DA call1 calls [211, 289, 272, 274, 160, 239, 151, 154, 244, 200, 207, 237, 257, 292, 283, 267, 257, 131, 137, 185]
DA call1 calls times [0.0, 0.0, 0.0, 0.0, 0.0, 0.0, 0.0, 0.0, 0.0, 0.0, 0.0, 0.0, 0.0, 0.0, 0.0, 0.0, 0.0, 0.0, 0.0, 0.0]
DA call2 calls [7, 27, 23, 52, 6, 23, 5, 19, 27, 16, 35, 26, 32, 36, 20, 36, 10, 1, 9, 3]
DA call2 calls times [0.0, 0.0, 0.0, 0.0, 0.0, 0.0, 0.0, 0.0, 0.0, 0.0, 0.0, 0.0, 0.0, 0.0, 0.0, 0.0, 0.0, 0.0, 0.0, 0.0]
DA total nbr calls [218, 316, 295, 326, 166, 262, 156, 173, 271, 216, 242, 263, 289, 328, 303, 303, 267, 132, 146, 188]
DA times process [0.05, 0.07, 0.07, 0.07, 0.04, 0.06, 0.04, 0.04, 0.06, 0.05, 0.06, 0.06, 0.07, 0.07, 0.07, 0.07, 0.06, 0.03, 0.03, 0.04]
DA times perf [0.05, 0.07, 0.07, 0.07, 0.04, 0.06, 0.04, 0.04, 0.06, 0.05, 0.06, 0.06, 0.07, 0.07, 0.07, 0.07, 0.06, 0.03, 0.03, 0.04]
DA times [0.05, 0.07, 0.07, 0.07, 0.04, 0.06, 0.04, 0.04, 0.06, 0.05, 0.06, 0.06, 0.07, 0.07, 0.07, 0.07, 0.06, 0.03, 0.03, 0.04]

0.06, 0.06, 0.06
0.06, 0.06, 0.06
Mean Antichain Size 51.00
Number Losing Payoffs 119.40
Number Realizable Payoffs 265.95
CE mean antichain size 10.65
CE nbr exists calls 16.85
CE mean exists time 0.00
CE nbr dominated calls 16.85
CE mean dominated time 0.00
CE total nbr calls 33.70
DA mean antichain size 20.65
DA nbr call1 calls 222.35
DA mean call1 time 0.00
DA nbr call2 calls 20.65
DA mean call2 time 0.00
DA total nbr calls 243.00



Size 8
Antichain sizes [31, 35, 27, 23, 31, 37, 40, 26, 30, 30, 31, 34, 32, 31, 23, 45, 40, 31, 39, 35]
Number of payoffs losing P0 [93, 83, 88, 102, 51, 94, 72, 72, 79, 83, 70, 59, 62, 76, 100, 79, 76, 67, 70, 68]
Number of payoffs realizable [172, 152, 173, 181, 141, 166, 164, 165, 144, 163, 173, 145, 150, 166, 196, 156, 154, 159, 158, 158]
CE antichain sizes [6, 5, 7, 6, 8, 4, 10, 13, 5, 3, 4, 7, 10, 12, 11, 7, 3, 11, 16, 4]
CE exists calls [10, 11, 14, 15, 14, 7, 22, 20, 8, 4, 8, 11, 14, 26, 17, 13, 9, 22, 26, 7]
CE exists calls times [0.0, 0.0, 0.0, 0.0, 0.0, 0.0, 0.0, 0.0, 0.0, 0.0, 0.0, 0.0, 0.0, 0.0, 0.0, 0.0, 0.0, 0.0, 0.0, 0.0]
CE dominated calls [10, 11, 14, 15, 14, 7, 22, 20, 8, 4, 8, 11, 14, 26, 17, 13, 9, 22, 26, 7]
CE dominated calls times [0.0, 0.0, 0.0, 0.0, 0.0, 0.0, 0.0, 0.0, 0.0, 0.0, 0.0, 0.0, 0.0, 0.0, 0.0, 0.0, 0.0, 0.0, 0.0, 0.0]
CE total nbr calls [20, 22, 28, 30, 28, 14, 44, 40, 16, 8, 16, 22, 28, 52, 34, 26, 18, 44, 52, 14]
CE times process [0.02, 0.02, 0.02, 0.03, 0.03, 0.01, 0.05, 0.07, 0.01, 0.0, 0.01, 0.02, 0.04, 0.07, 0.04, 0.02, 0.01, 0.05, 0.08, 0.01]
CE times perf [0.02, 0.02, 0.02, 0.03, 0.03, 0.01, 0.05, 0.07, 0.01, 0.0, 0.01, 0.02, 0.04, 0.07, 0.04, 0.02, 0.01, 0.05, 0.08, 0.01]
CE times [0.02, 0.02, 0.02, 0.03, 0.03, 0.01, 0.05, 0.07, 0.01, 0.0, 0.01, 0.02, 0.04, 0.07, 0.04, 0.02, 0.01, 0.05, 0.08, 0.01]
DA antichain sizes [8, 21, 17, 12, 21, 5, 10, 26, 2, 29, 6, 15, 11, 18, 21, 7, 3, 25, 12, 25]
DA call1 calls [67, 115, 93, 66, 125, 59, 95, 116, 52, 122, 54, 102, 100, 99, 81, 95, 66, 118, 98, 119]
DA call1 calls times [0.0, 0.0, 0.0, 0.0, 0.0, 0.0, 0.0, 0.0, 0.0, 0.0, 0.0, 0.0, 0.0, 0.0, 0.0, 0.0, 0.0, 0.0, 0.0, 0.0]
DA call2 calls [8, 21, 17, 12, 21, 5, 10, 26, 2, 29, 6, 15, 11, 18, 21, 7, 3, 25, 12, 25]
DA call2 calls times [0.0, 0.0, 0.0, 0.0, 0.0, 0.0, 0.0, 0.0, 0.0, 0.0, 0.0, 0.0, 0.0, 0.0, 0.0, 0.0, 0.0, 0.0, 0.0, 0.0]
DA total nbr calls [75, 136, 110, 78, 146, 64, 105, 142, 54, 151, 60, 117, 111, 117, 102, 102, 69, 143, 110, 144]
DA times process [0.02, 0.03, 0.02, 0.02, 0.03, 0.01, 0.02, 0.03, 0.01, 0.03, 0.01, 0.03, 0.02, 0.03, 0.02, 0.02, 0.02, 0.03, 0.02, 0.03]
DA times perf [0.02, 0.03, 0.02, 0.02, 0.03, 0.01, 0.02, 0.03, 0.01, 0.03, 0.01, 0.03, 0.02, 0.03, 0.02, 0.02, 0.02, 0.03, 0.02, 0.03]
DA times [0.02, 0.03, 0.02, 0.02, 0.03, 0.01, 0.02, 0.03, 0.01, 0.03, 0.01, 0.03, 0.02, 0.03, 0.02, 0.02, 0.02, 0.03, 0.02, 0.03]

0.03, 0.03, 0.03
0.02, 0.02, 0.02
Mean Antichain Size 32.55
Number Losing Payoffs 77.20
Number Realizable Payoffs 161.80
CE mean antichain size 7.60
CE nbr exists calls 13.90
CE mean exists time 0.00
CE nbr dominated calls 13.90
CE mean dominated time 0.00
CE total nbr calls 27.80
DA mean antichain size 14.70
DA nbr call1 calls 92.10
DA mean call1 time 0.00
DA nbr call2 calls 14.70
DA mean call2 time 0.00
DA total nbr calls 106.80



Size 7
Antichain sizes [18, 15, 14, 11, 20, 22, 17, 21, 17, 22, 24, 11, 25, 17, 15, 13, 17, 11, 17, 19]
Number of payoffs losing P0 [43, 62, 63, 77, 50, 50, 77, 45, 41, 50, 52, 45, 53, 65, 58, 44, 51, 58, 52, 41]
Number of payoffs realizable [85, 103, 104, 105, 87, 102, 100, 89, 99, 90, 86, 106, 99, 97, 95, 91, 92, 94, 83, 88]
CE antichain sizes [5, 5, 7, 0, 7, 5, 6, 4, 5, 5, 8, 3, 4, 7, 5, 9, 7, 6, 5, 4]
CE exists calls [9, 12, 11, 1, 15, 11, 14, 8, 10, 9, 16, 6, 7, 14, 9, 13, 18, 8, 9, 8]
CE exists calls times [0.0, 0.0, 0.0, 0.0, 0.0, 0.0, 0.0, 0.0, 0.0, 0.0, 0.0, 0.0, 0.0, 0.0, 0.0, 0.0, 0.0, 0.0, 0.0, 0.0]
CE dominated calls [9, 12, 11, 1, 15, 11, 14, 8, 10, 9, 16, 6, 7, 14, 9, 13, 18, 8, 9, 8]
CE dominated calls times [0.0, 0.0, 0.0, 0.0, 0.0, 0.0, 0.0, 0.0, 0.0, 0.0, 0.0, 0.0, 0.0, 0.0, 0.0, 0.0, 0.0, 0.0, 0.0, 0.0]
CE total nbr calls [18, 24, 22, 2, 30, 22, 28, 16, 20, 18, 32, 12, 14, 28, 18, 26, 36, 16, 18, 16]
CE times process [0.01, 0.02, 0.02, 0.0, 0.02, 0.01, 0.02, 0.01, 0.01, 0.01, 0.03, 0.01, 0.01, 0.02, 0.01, 0.02, 0.03, 0.01, 0.01, 0.01]
CE times perf [0.01, 0.02, 0.02, 0.0, 0.02, 0.01, 0.02, 0.01, 0.01, 0.01, 0.03, 0.01, 0.01, 0.02, 0.01, 0.02, 0.03, 0.01, 0.01, 0.01]
CE times [0.01, 0.02, 0.02, 0.0, 0.02, 0.01, 0.02, 0.01, 0.01, 0.01, 0.03, 0.01, 0.01, 0.02, 0.01, 0.02, 0.03, 0.01, 0.01, 0.01]
DA antichain sizes [11, 14, 10, 2, 14, 15, 2, 13, 6, 11, 10, 8, 4, 10, 12, 13, 14, 8, 2, 5]
DA call1 calls [50, 38, 33, 13, 45, 41, 12, 50, 31, 42, 42, 29, 31, 37, 42, 50, 49, 37, 30, 36]
DA call1 calls times [0.0, 0.0, 0.0, 0.0, 0.0, 0.0, 0.0, 0.0, 0.0, 0.0, 0.0, 0.0, 0.0, 0.0, 0.0, 0.0, 0.0, 0.0, 0.0, 0.0]
DA call2 calls [11, 14, 10, 2, 14, 15, 2, 13, 6, 11, 10, 8, 4, 10, 12, 13, 14, 8, 2, 5]
DA call2 calls times [0.0, 0.0, 0.0, 0.0, 0.0, 0.0, 0.0, 0.0, 0.0, 0.0, 0.0, 0.0, 0.0, 0.0, 0.0, 0.0, 0.0, 0.0, 0.0, 0.0]
DA total nbr calls [61, 52, 43, 15, 59, 56, 14, 63, 37, 53, 52, 37, 35, 47, 54, 63, 63, 45, 32, 41]
DA times process [0.01, 0.01, 0.01, 0.0, 0.01, 0.01, 0.0, 0.01, 0.01, 0.01, 0.01, 0.01, 0.01, 0.01, 0.01, 0.01, 0.01, 0.01, 0.01, 0.01]
DA times perf [0.01, 0.01, 0.01, 0.0, 0.01, 0.01, 0.0, 0.01, 0.01, 0.01, 0.01, 0.01, 0.01, 0.01, 0.01, 0.01, 0.01, 0.01, 0.01, 0.01]
DA times [0.01, 0.01, 0.01, 0.0, 0.01, 0.01, 0.0, 0.01, 0.01, 0.01, 0.01, 0.01, 0.01, 0.01, 0.01, 0.01, 0.01, 0.01, 0.01, 0.01]

0.01, 0.01, 0.01
0.01, 0.01, 0.01
Mean Antichain Size 17.30
Number Losing Payoffs 53.85
Number Realizable Payoffs 94.75
CE mean antichain size 5.35
CE nbr exists calls 10.40
CE mean exists time 0.00
CE nbr dominated calls 10.40
CE mean dominated time 0.00
CE total nbr calls 20.80
DA mean antichain size 9.20
DA nbr call1 calls 36.90
DA mean call1 time 0.00
DA nbr call2 calls 9.20
DA mean call2 time 0.00
DA total nbr calls 46.10



Size 6
Antichain sizes [7, 6, 8, 11, 10, 12, 11, 11, 7, 11, 12, 10, 7, 9, 13, 8, 11, 14, 8, 9]
Number of payoffs losing P0 [37, 36, 31, 42, 40, 34, 38, 40, 34, 35, 42, 38, 33, 36, 31, 34, 33, 43, 41, 39]
Number of payoffs realizable [58, 57, 55, 58, 51, 54, 58, 58, 52, 52, 53, 49, 53, 56, 55, 55, 52, 56, 55, 51]
CE antichain sizes [3, 3, 3, 2, 6, 3, 8, 6, 3, 3, 4, 4, 3, 4, 4, 2, 4, 3, 5, 4]
CE exists calls [7, 9, 5, 3, 11, 6, 12, 12, 6, 9, 9, 9, 11, 8, 8, 4, 8, 6, 7, 8]
CE exists calls times [0.0, 0.0, 0.0, 0.0, 0.0, 0.0, 0.0, 0.0, 0.0, 0.0, 0.0, 0.0, 0.0, 0.0, 0.0, 0.0, 0.0, 0.0, 0.0, 0.0]
CE dominated calls [7, 9, 5, 3, 11, 6, 12, 12, 6, 9, 9, 9, 11, 8, 8, 4, 8, 6, 7, 8]
CE dominated calls times [0.0, 0.0, 0.0, 0.0, 0.0, 0.0, 0.0, 0.0, 0.0, 0.0, 0.0, 0.0, 0.0, 0.0, 0.0, 0.0, 0.0, 0.0, 0.0, 0.0]
CE total nbr calls [14, 18, 10, 6, 22, 12, 24, 24, 12, 18, 18, 18, 22, 16, 16, 8, 16, 12, 14, 16]
CE times process [0.01, 0.01, 0.01, 0.0, 0.01, 0.01, 0.02, 0.01, 0.01, 0.01, 0.01, 0.01, 0.01, 0.01, 0.01, 0.0, 0.01, 0.01, 0.01, 0.01]
CE times perf [0.01, 0.01, 0.01, 0.0, 0.01, 0.01, 0.02, 0.01, 0.01, 0.01, 0.01, 0.01, 0.01, 0.01, 0.01, 0.0, 0.01, 0.01, 0.01, 0.01]
CE times [0.01, 0.01, 0.01, 0.0, 0.01, 0.01, 0.02, 0.01, 0.01, 0.01, 0.01, 0.01, 0.01, 0.01, 0.01, 0.0, 0.01, 0.01, 0.01, 0.01]
DA antichain sizes [6, 4, 3, 2, 1, 6, 8, 11, 6, 6, 2, 10, 7, 5, 7, 7, 2, 5, 4, 1]
DA call1 calls [12, 9, 9, 8, 11, 13, 14, 17, 18, 14, 11, 25, 18, 12, 15, 15, 9, 12, 11, 10]
DA call1 calls times [0.0, 0.0, 0.0, 0.0, 0.0, 0.0, 0.0, 0.0, 0.0, 0.0, 0.0, 0.0, 0.0, 0.0, 0.0, 0.0, 0.0, 0.0, 0.0, 0.0]
DA call2 calls [6, 4, 3, 2, 1, 6, 8, 11, 6, 6, 2, 10, 7, 5, 7, 7, 2, 5, 4, 1]
DA call2 calls times [0.0, 0.0, 0.0, 0.0, 0.0, 0.0, 0.0, 0.0, 0.0, 0.0, 0.0, 0.0, 0.0, 0.0, 0.0, 0.0, 0.0, 0.0, 0.0, 0.0]
DA total nbr calls [18, 13, 12, 10, 12, 19, 22, 28, 24, 20, 13, 35, 25, 17, 22, 22, 11, 17, 15, 11]
DA times process [0.0, 0.0, 0.0, 0.0, 0.0, 0.0, 0.0, 0.01, 0.0, 0.0, 0.0, 0.01, 0.0, 0.0, 0.0, 0.0, 0.0, 0.0, 0.0, 0.0]
DA times perf [0.0, 0.0, 0.0, 0.0, 0.0, 0.0, 0.0, 0.01, 0.0, 0.0, 0.0, 0.01, 0.0, 0.0, 0.0, 0.0, 0.0, 0.0, 0.0, 0.0]
DA times [0.0, 0.0, 0.0, 0.0, 0.0, 0.0, 0.0, 0.01, 0.0, 0.0, 0.0, 0.01, 0.0, 0.0, 0.0, 0.0, 0.0, 0.0, 0.0, 0.0]

0.01, 0.01, 0.01
0.00, 0.00, 0.00
Mean Antichain Size 9.75
Number Losing Payoffs 36.85
Number Realizable Payoffs 54.40
CE mean antichain size 3.85
CE nbr exists calls 7.90
CE mean exists time 0.00
CE nbr dominated calls 7.90
CE mean dominated time 0.00
CE total nbr calls 15.80
DA mean antichain size 5.15
DA nbr call1 calls 13.15
DA mean call1 time 0.00
DA nbr call2 calls 5.15
DA mean call2 time 0.00
DA total nbr calls 18.30



