Size 13
[536, 419, 528, 422, 519, 471, 460, 529, 566, 538, 502, 506, 602, 548, 518, 424, 415, 522, 557, 565]
[1558, 1349, 1106, 726, 1332, 1294, 1193, 1080, 1062, 1612, 1193, 1206, 1270, 1369, 1373, 1028, 1273, 856, 1198, 1324]
[18, 31, 52, 50, 24, 18, 39, 15, 37, 42, 19, 14, 13, 39, 19, 32, 56, 40, 26, 9]
[102, 102, 158, 150, 122, 54, 134, 38, 150, 134, 56, 38, 42, 158, 72, 96, 194, 144, 96, 24]
[1.96, 2.5, 6.94, 4.2, 2.75, 0.75, 4.39, 0.37, 5.01, 3.7, 0.77, 0.47, 0.47, 5.77, 1.38, 2.8, 11.84, 5.87, 2.12, 0.19]
[1.96, 2.5, 6.94, 4.2, 2.75, 0.75, 4.39, 0.37, 5.01, 3.7, 0.77, 0.47, 0.47, 5.77, 1.38, 2.8, 11.84, 5.87, 2.12, 0.19]
[1.96, 2.5, 6.94, 4.2, 2.75, 0.75, 4.39, 0.37, 5.01, 3.7, 0.77, 0.47, 0.47, 5.77, 1.38, 2.8, 11.84, 5.87, 2.12, 0.19]
[6, 116, 82, 221, 107, 142, 45, 227, 203, 127, 86, 3, 28, 197, 4, 61, 403, 97, 21, 41]
[2287, 3517, 4189, 4561, 3280, 4394, 2814, 4848, 4420, 3359, 3328, 2489, 3422, 4709, 2389, 2757, 5373, 4402, 2772, 3601]
[2.94, 4.75, 5.59, 6.25, 4.45, 5.89, 3.7, 6.42, 6.03, 4.54, 4.48, 3.19, 4.49, 6.3, 3.16, 3.69, 7.63, 5.96, 3.68, 4.84]
[2.94, 4.75, 5.59, 6.25, 4.45, 5.89, 3.7, 6.42, 6.03, 4.54, 4.48, 3.19, 4.49, 6.3, 3.16, 3.69, 7.63, 5.96, 3.68, 4.84]
[2.94, 4.75, 5.59, 6.25, 4.45, 5.89, 3.7, 6.42, 6.03, 4.54, 4.48, 3.19, 4.49, 6.3, 3.16, 3.69, 7.63, 5.96, 3.68, 4.84]
3.21, 3.21, 3.21
4.90, 4.90, 4.90
507.35, 1220.10, 29.65, 103.20, 110.85, 3645.55

Size 12
[322, 250, 308, 305, 287, 285, 330, 321, 296, 329, 344, 299, 275, 326, 279, 314, 278, 281, 319, 324]
[717, 843, 917, 1068, 644, 858, 815, 793, 859, 776, 1099, 785, 1129, 848, 1263, 814, 954, 748, 1249, 1052]
[54, 13, 15, 26, 26, 20, 19, 14, 37, 20, 15, 17, 31, 31, 17, 19, 22, 14, 21, 16]
[154, 44, 52, 88, 106, 62, 54, 42, 146, 56, 48, 58, 98, 96, 58, 70, 80, 46, 60, 56]
[8.09, 0.52, 0.6, 1.85, 2.1, 0.73, 0.69, 0.52, 3.29, 0.75, 0.57, 0.64, 2.01, 1.97, 0.63, 1.02, 1.08, 0.47, 0.95, 0.59]
[8.09, 0.52, 0.6, 1.85, 2.1, 0.73, 0.69, 0.52, 3.29, 0.75, 0.57, 0.64, 2.01, 1.97, 0.63, 1.02, 1.08, 0.47, 0.95, 0.59]
[8.09, 0.52, 0.6, 1.85, 2.1, 0.73, 0.69, 0.52, 3.29, 0.75, 0.57, 0.64, 2.01, 1.97, 0.63, 1.02, 1.08, 0.47, 0.95, 0.59]
[61, 11, 141, 84, 202, 162, 42, 53, 103, 120, 16, 78, 36, 5, 22, 106, 20, 4, 45, 4]
[1841, 927, 2029, 1869, 2556, 2160, 1716, 1768, 1707, 1871, 982, 1912, 1263, 914, 1160, 2072, 1285, 839, 1194, 678]
[2.41, 1.22, 2.69, 2.52, 3.51, 2.91, 2.29, 2.34, 2.34, 2.45, 1.29, 2.52, 1.6, 1.14, 1.48, 2.61, 1.63, 1.06, 1.5, 0.85]
[2.41, 1.22, 2.69, 2.52, 3.51, 2.91, 2.29, 2.34, 2.34, 2.45, 1.29, 2.52, 1.6, 1.14, 1.48, 2.61, 1.63, 1.06, 1.5, 0.85]
[2.41, 1.22, 2.69, 2.52, 3.51, 2.91, 2.29, 2.34, 2.34, 2.45, 1.29, 2.52, 1.6, 1.14, 1.48, 2.61, 1.63, 1.06, 1.5, 0.85]
1.45, 1.45, 1.45
2.02, 2.02, 2.02
303.60, 911.55, 22.35, 73.70, 65.75, 1537.15

