Size 11
[177, 190, 176, 197, 178, 176, 196, 173, 163, 182, 160, 194, 181, 166, 191, 179, 162, 181, 127, 161]
[580, 488, 689, 618, 554, 595, 523, 703, 791, 549, 648, 486, 586, 551, 490, 492, 549, 663, 681, 515]
[29, 20, 15, 27, 12, 49, 14, 23, 39, 24, 67, 46, 42, 25, 18, 15, 13, 28, 32, 40]
[126, 74, 54, 80, 42, 174, 44, 92, 142, 96, 244, 134, 140, 68, 76, 60, 58, 110, 108, 114]
[1.95, 0.92, 0.59, 1.1, 0.36, 7.33, 0.38, 1.44, 3.0, 1.27, 8.46, 4.89, 4.15, 0.81, 0.81, 0.74, 0.57, 1.81, 2.47, 3.02]
[1.95, 0.92, 0.59, 1.1, 0.36, 7.33, 0.38, 1.44, 3.0, 1.27, 8.46, 4.89, 4.15, 0.81, 0.81, 0.74, 0.57, 1.81, 2.47, 3.02]
[1.95, 0.92, 0.59, 1.1, 0.36, 7.33, 0.38, 1.44, 3.0, 1.27, 8.46, 4.89, 4.15, 0.81, 0.81, 0.74, 0.57, 1.81, 2.47, 3.02]
[81, 137, 95, 55, 64, 52, 33, 1, 88, 45, 64, 72, 32, 51, 93, 14, 48, 18, 45, 141]
[748, 1149, 818, 656, 771, 677, 635, 238, 729, 695, 646, 830, 618, 694, 847, 602, 735, 545, 625, 1001]
[0.91, 1.45, 1.02, 0.82, 1.44, 0.85, 0.8, 0.3, 0.92, 0.87, 0.81, 1.04, 0.79, 0.88, 1.04, 0.76, 0.94, 0.7, 0.79, 1.26]
[0.91, 1.45, 1.02, 0.82, 1.44, 0.85, 0.8, 0.3, 0.92, 0.87, 0.81, 1.04, 0.79, 0.88, 1.04, 0.76, 0.94, 0.7, 0.79, 1.26]
[0.91, 1.45, 1.02, 0.82, 1.44, 0.85, 0.8, 0.3, 0.92, 0.87, 0.81, 1.04, 0.79, 0.88, 1.04, 0.76, 0.94, 0.7, 0.79, 1.26]
2.30, 2.30, 2.30
0.92, 0.92, 0.92
175.50, 587.55, 28.90, 101.80, 61.45, 712.95

Size 10
[90, 79, 86, 101, 82, 74, 89, 98, 87, 122, 90, 70, 100, 108, 67, 65, 79, 71, 85, 92]
[401, 383, 460, 383, 408, 448, 406, 379, 484, 356, 442, 429, 368, 393, 461, 385, 390, 354, 485, 472]
[22, 31, 30, 32, 9, 11, 42, 11, 12, 26, 15, 36, 35, 28, 9, 17, 23, 40, 34, 21]
[94, 122, 158, 108, 40, 34, 124, 64, 42, 100, 66, 150, 112, 116, 56, 72, 104, 148, 136, 74]
[1.08, 1.87, 2.61, 1.63, 0.34, 0.25, 3.07, 0.66, 0.37, 1.16, 0.61, 2.39, 2.33, 1.89, 0.48, 0.71, 1.3, 3.34, 2.31, 0.89]
[1.08, 1.87, 2.61, 1.63, 0.34, 0.25, 3.07, 0.66, 0.37, 1.16, 0.61, 2.39, 2.33, 1.89, 0.48, 0.71, 1.3, 3.34, 2.31, 0.89]
[1.08, 1.87, 2.61, 1.63, 0.34, 0.25, 3.07, 0.66, 0.37, 1.16, 0.61, 2.39, 2.33, 1.89, 0.48, 0.71, 1.3, 3.34, 2.31, 0.89]
[50, 78, 57, 39, 24, 14, 68, 75, 4, 65, 37, 70, 2, 96, 9, 13, 73, 65, 18, 17]
[368, 440, 352, 325, 288, 204, 465, 457, 165, 470, 278, 333, 121, 478, 125, 176, 415, 447, 212, 236]
[0.45, 0.52, 0.43, 0.4, 0.36, 0.25, 0.56, 0.54, 0.21, 0.58, 0.34, 0.39, 0.15, 0.58, 0.16, 0.22, 0.5, 0.54, 0.27, 0.29]
[0.45, 0.52, 0.43, 0.4, 0.36, 0.25, 0.56, 0.54, 0.21, 0.58, 0.34, 0.39, 0.15, 0.58, 0.16, 0.22, 0.5, 0.54, 0.27, 0.29]
[0.45, 0.52, 0.43, 0.4, 0.36, 0.25, 0.56, 0.54, 0.21, 0.58, 0.34, 0.39, 0.15, 0.58, 0.16, 0.22, 0.5, 0.54, 0.27, 0.29]
1.46, 1.46, 1.46
0.39, 0.39, 0.39
86.75, 414.35, 24.20, 96.00, 43.70, 317.75

Size 9
[48, 42, 35, 40, 36, 53, 59, 48, 34, 63, 41, 52, 47, 51, 57, 35, 60, 55, 43, 48]
[234, 221, 263, 240, 286, 223, 237, 209, 305, 259, 201, 268, 240, 227, 220, 262, 245, 273, 302, 266]
[10, 18, 15, 16, 6, 20, 17, 31, 4, 11, 11, 7, 19, 26, 7, 11, 13, 17, 16, 6]
[46, 82, 74, 80, 16, 80, 78, 110, 30, 36, 34, 38, 80, 108, 28, 52, 52, 54, 72, 30]
[0.35, 0.79, 0.68, 0.68, 0.08, 0.8, 0.76, 1.27, 0.19, 0.29, 0.24, 0.29, 0.78, 1.12, 0.2, 0.43, 0.41, 0.46, 0.68, 0.21]
[0.35, 0.79, 0.68, 0.68, 0.08, 0.8, 0.76, 1.27, 0.19, 0.29, 0.24, 0.29, 0.78, 1.12, 0.2, 0.43, 0.41, 0.46, 0.68, 0.21]
[0.35, 0.79, 0.68, 0.68, 0.08, 0.8, 0.76, 1.27, 0.19, 0.29, 0.24, 0.29, 0.78, 1.12, 0.2, 0.43, 0.41, 0.46, 0.68, 0.21]
[44, 42, 35, 35, 3, 38, 38, 41, 13, 36, 32, 28, 47, 35, 28, 9, 16, 51, 28, 9]
[175, 175, 143, 172, 39, 163, 193, 183, 88, 171, 165, 154, 205, 170, 161, 68, 135, 195, 138, 86]
[0.2, 0.19, 0.16, 0.2, 0.05, 0.19, 0.22, 0.21, 0.1, 0.2, 0.19, 0.18, 0.23, 0.2, 0.19, 0.08, 0.16, 0.22, 0.16, 0.1]
[0.2, 0.19, 0.16, 0.2, 0.05, 0.19, 0.22, 0.21, 0.1, 0.2, 0.19, 0.18, 0.23, 0.2, 0.19, 0.08, 0.16, 0.22, 0.16, 0.1]
[0.2, 0.19, 0.16, 0.2, 0.05, 0.19, 0.22, 0.21, 0.1, 0.2, 0.19, 0.18, 0.23, 0.2, 0.19, 0.08, 0.16, 0.22, 0.16, 0.1]
0.54, 0.54, 0.54
0.17, 0.17, 0.17
47.35, 249.05, 14.05, 59.00, 30.40, 148.95

Size 8
[34, 13, 19, 25, 26, 34, 18, 25, 29, 21, 15, 20, 25, 20, 33, 8, 22, 22, 8, 21]
[168, 164, 185, 170, 169, 156, 172, 151, 145, 147, 227, 178, 206, 183, 145, 146, 181, 154, 211, 151]
[6, 8, 11, 9, 7, 11, 10, 5, 16, 9, 5, 5, 6, 7, 10, 10, 6, 7, 3, 14]
[30, 46, 60, 44, 32, 46, 50, 18, 88, 40, 42, 26, 38, 30, 32, 98, 38, 40, 32, 56]
[0.17, 0.31, 0.45, 0.26, 0.18, 0.33, 0.36, 0.07, 0.74, 0.24, 0.25, 0.13, 0.23, 0.17, 0.19, 0.74, 0.2, 0.24, 0.18, 0.43]
[0.17, 0.31, 0.45, 0.26, 0.18, 0.33, 0.36, 0.07, 0.74, 0.24, 0.25, 0.13, 0.23, 0.17, 0.19, 0.74, 0.2, 0.24, 0.18, 0.43]
[0.17, 0.31, 0.45, 0.26, 0.18, 0.33, 0.36, 0.07, 0.74, 0.24, 0.25, 0.13, 0.23, 0.17, 0.19, 0.74, 0.2, 0.24, 0.18, 0.43]
[16, 13, 15, 6, 10, 13, 4, 20, 15, 15, 1, 5, 3, 2, 16, 8, 8, 15, 1, 20]
[66, 46, 53, 33, 46, 58, 17, 70, 61, 59, 5, 25, 18, 17, 67, 30, 28, 60, 4, 58]
[0.07, 0.05, 0.06, 0.04, 0.05, 0.07, 0.02, 0.08, 0.07, 0.07, 0.01, 0.03, 0.02, 0.02, 0.08, 0.03, 0.03, 0.07, 0.0, 0.06]
[0.07, 0.05, 0.06, 0.04, 0.05, 0.07, 0.02, 0.08, 0.07, 0.07, 0.01, 0.03, 0.02, 0.02, 0.08, 0.03, 0.03, 0.07, 0.0, 0.06]
[0.07, 0.05, 0.06, 0.04, 0.05, 0.07, 0.02, 0.08, 0.07, 0.07, 0.01, 0.03, 0.02, 0.02, 0.08, 0.03, 0.03, 0.07, 0.0, 0.06]
0.29, 0.29, 0.29
0.05, 0.05, 0.05
21.90, 170.45, 8.25, 44.30, 10.30, 41.05

Size 7
[9, 13, 19, 17, 9, 10, 10, 7, 10, 9, 16, 13, 11, 11, 11, 11, 11, 10, 7, 12]
[111, 98, 92, 88, 84, 95, 106, 103, 104, 98, 76, 84, 82, 92, 95, 86, 93, 99, 111, 107]
[5, 8, 5, 9, 8, 6, 5, 4, 7, 6, 7, 4, 8, 5, 8, 6, 5, 3, 5, 5]
[16, 54, 24, 52, 28, 40, 24, 30, 42, 40, 24, 40, 40, 26, 36, 34, 26, 26, 34, 22]
[0.06, 0.32, 0.1, 0.3, 0.13, 0.22, 0.11, 0.15, 0.23, 0.22, 0.11, 0.2, 0.23, 0.12, 0.2, 0.19, 0.13, 0.12, 0.17, 0.1]
[0.06, 0.32, 0.1, 0.3, 0.13, 0.22, 0.11, 0.15, 0.23, 0.22, 0.11, 0.2, 0.23, 0.12, 0.2, 0.19, 0.13, 0.12, 0.17, 0.1]
[0.06, 0.32, 0.1, 0.3, 0.13, 0.22, 0.11, 0.15, 0.23, 0.22, 0.11, 0.2, 0.23, 0.12, 0.2, 0.19, 0.13, 0.12, 0.17, 0.1]
[3, 7, 5, 4, 4, 6, 4, 5, 6, 6, 15, 12, 7, 4, 4, 11, 6, 5, 4, 4]
[11, 22, 18, 18, 14, 20, 15, 15, 18, 21, 43, 34, 21, 20, 14, 36, 18, 18, 15, 14]
[0.01, 0.02, 0.02, 0.02, 0.02, 0.02, 0.02, 0.02, 0.02, 0.02, 0.04, 0.04, 0.02, 0.02, 0.02, 0.04, 0.02, 0.02, 0.02, 0.02]
[0.01, 0.02, 0.02, 0.02, 0.02, 0.02, 0.02, 0.02, 0.02, 0.02, 0.04, 0.04, 0.02, 0.02, 0.02, 0.04, 0.02, 0.02, 0.02, 0.02]
[0.01, 0.02, 0.02, 0.02, 0.02, 0.02, 0.02, 0.02, 0.02, 0.02, 0.04, 0.04, 0.02, 0.02, 0.02, 0.04, 0.02, 0.02, 0.02, 0.02]
0.17, 0.17, 0.17
0.02, 0.02, 0.02
11.30, 95.20, 5.95, 32.90, 6.10, 20.25

Size 6
[6, 6, 6, 6, 6, 6, 6, 6, 6, 6, 6, 6, 6, 6, 8, 6, 6, 6, 6, 6]
[51, 59, 56, 55, 56, 57, 58, 60, 58, 58, 57, 55, 57, 57, 53, 59, 61, 53, 56, 56]
[4, 4, 5, 3, 4, 3, 2, 3, 2, 3, 4, 3, 2, 4, 5, 3, 4, 4, 4, 5]
[26, 22, 26, 20, 32, 18, 16, 24, 12, 20, 16, 20, 18, 28, 22, 16, 22, 24, 18, 22]
[0.11, 0.09, 0.12, 0.07, 0.13, 0.07, 0.04, 0.09, 0.03, 0.21, 0.04, 0.08, 0.06, 0.11, 0.1, 0.05, 0.08, 0.11, 0.05, 0.09]
[0.11, 0.09, 0.12, 0.07, 0.13, 0.07, 0.04, 0.09, 0.03, 0.21, 0.04, 0.08, 0.06, 0.11, 0.1, 0.05, 0.08, 0.11, 0.05, 0.09]
[0.11, 0.09, 0.12, 0.07, 0.13, 0.07, 0.04, 0.09, 0.03, 0.21, 0.04, 0.08, 0.06, 0.11, 0.1, 0.05, 0.08, 0.11, 0.05, 0.09]
[6, 3, 6, 3, 5, 1, 2, 2, 1, 3, 3, 1, 3, 6, 2, 3, 1, 3, 1, 6]
[16, 7, 13, 7, 11, 3, 5, 5, 3, 7, 7, 3, 7, 13, 9, 7, 3, 7, 3, 13]
[0.02, 0.01, 0.01, 0.01, 0.01, 0.0, 0.01, 0.01, 0.0, 0.01, 0.01, 0.0, 0.01, 0.01, 0.01, 0.01, 0.0, 0.01, 0.0, 0.01]
[0.02, 0.01, 0.01, 0.01, 0.01, 0.0, 0.01, 0.01, 0.0, 0.01, 0.01, 0.0, 0.01, 0.01, 0.01, 0.01, 0.0, 0.01, 0.0, 0.01]
[0.02, 0.01, 0.01, 0.01, 0.01, 0.0, 0.01, 0.01, 0.0, 0.01, 0.01, 0.0, 0.01, 0.01, 0.01, 0.01, 0.0, 0.01, 0.0, 0.01]
0.09, 0.09, 0.09
0.01, 0.01, 0.01
6.10, 56.60, 3.55, 21.10, 3.05, 7.45

Size 5
[5, 5, 5, 5, 5, 5, 5, 5, 5, 5, 5, 5, 5, 5, 5, 5, 5, 5, 5, 5]
[30, 27, 28, 27, 28, 29, 27, 31, 31, 29, 27, 30, 29, 30, 29, 30, 26, 25, 28, 30]
[2, 3, 2, 4, 3, 3, 3, 3, 3, 4, 2, 3, 3, 2, 3, 3, 2, 3, 3, 2]
[16, 20, 18, 14, 16, 16, 14, 16, 12, 16, 18, 16, 16, 8, 16, 18, 8, 18, 16, 12]
[0.04, 0.06, 0.06, 0.05, 0.06, 0.05, 0.04, 0.05, 0.03, 0.05, 0.05, 0.05, 0.05, 0.02, 0.06, 0.06, 0.01, 0.06, 0.06, 0.04]
[0.04, 0.06, 0.06, 0.05, 0.06, 0.05, 0.04, 0.05, 0.03, 0.05, 0.05, 0.05, 0.05, 0.02, 0.06, 0.06, 0.01, 0.06, 0.06, 0.04]
[0.04, 0.06, 0.06, 0.05, 0.06, 0.05, 0.04, 0.05, 0.03, 0.05, 0.05, 0.05, 0.05, 0.02, 0.06, 0.06, 0.01, 0.06, 0.06, 0.04]
[1, 3, 3, 1, 4, 1, 3, 1, 1, 1, 2, 1, 1, 1, 1, 2, 5, 2, 3, 1]
[3, 7, 7, 3, 9, 3, 7, 3, 3, 3, 5, 3, 3, 3, 3, 5, 11, 5, 7, 3]
[0.0, 0.01, 0.01, 0.0, 0.01, 0.0, 0.01, 0.0, 0.0, 0.0, 0.0, 0.0, 0.0, 0.0, 0.0, 0.01, 0.01, 0.0, 0.01, 0.0]
[0.0, 0.01, 0.01, 0.0, 0.01, 0.0, 0.01, 0.0, 0.0, 0.0, 0.0, 0.0, 0.0, 0.0, 0.0, 0.01, 0.01, 0.0, 0.01, 0.0]
[0.0, 0.01, 0.01, 0.0, 0.01, 0.0, 0.01, 0.0, 0.0, 0.0, 0.0, 0.0, 0.0, 0.0, 0.0, 0.01, 0.01, 0.0, 0.01, 0.0]
0.05, 0.05, 0.05
0.00, 0.00, 0.00
5.00, 28.55, 2.80, 15.20, 1.90, 4.80

