Size 15
[1404, 1369, 1328, 1445, 1260, 1415, 1299, 1265, 1321, 1393, 1149, 1262, 1388, 1245, 1235, 1337, 1419, 1179, 1364, 1403]
[2083, 2136, 2824, 1990, 1858, 1743, 1942, 1576, 3213, 3106, 1830, 2793, 3378, 2210, 1816, 1901, 2450, 2066, 3167, 1948]
[28, 43, 25, 25, 27, 38, 53, 18, 29, 28, 25, 35, 28, 24, 34, 93, 13, 13, 68, 60]
[68, 126, 76, 56, 96, 118, 170, 60, 84, 76, 94, 116, 74, 58, 100, 262, 42, 32, 214, 178]
[1.1, 5.39, 2.29, 1.11, 2.39, 4.83, 10.08, 0.96, 1.47, 1.53, 1.65, 3.18, 1.83, 0.92, 3.07, 90.12, 0.55, 0.45, 25.93, 18.06]
[1.1, 5.39, 2.29, 1.11, 2.4, 4.83, 10.08, 0.96, 1.47, 1.53, 1.65, 3.18, 1.83, 0.92, 3.07, 90.1, 0.55, 0.45, 25.93, 18.06]
[1.1, 5.39, 2.29, 1.11, 2.4, 4.83, 10.08, 0.96, 1.47, 1.53, 1.65, 3.18, 1.83, 0.92, 3.07, 90.1, 0.55, 0.45, 25.93, 18.06]
[131, 365, 20, 48, 63, 452, 507, 411, 53, 8, 2, 257, 30, 259, 228, 382, 123, 167, 97, 331]
[18305, 23367, 17216, 17548, 17897, 23502, 23146, 23654, 16541, 12227, 16397, 18336, 16739, 21389, 23175, 23276, 19565, 20533, 17068, 23105]
[24.56, 34.75, 22.46, 23.22, 23.78, 36.07, 36.0, 32.04, 20.23, 14.43, 19.28, 23.49, 19.88, 27.94, 31.4, 36.4, 28.16, 29.53, 24.42, 36.28]
[24.56, 34.76, 22.46, 23.22, 23.79, 36.07, 36.0, 32.04, 20.23, 14.43, 19.28, 23.49, 19.88, 27.96, 31.39, 36.4, 28.15, 29.53, 24.42, 36.27]
[24.56, 34.76, 22.46, 23.22, 23.79, 36.07, 36.0, 32.04, 20.23, 14.43, 19.28, 23.49, 19.88, 27.96, 31.39, 36.4, 28.15, 29.53, 24.42, 36.27]
8.85, 8.84, 8.84
27.22, 27.22, 27.22
1324.00, 2301.50, 35.35, 105.00, 196.70, 19649.30

Size 14
[849, 686, 872, 834, 933, 953, 892, 779, 914, 855, 902, 858, 915, 790, 901, 862, 932, 799, 743, 774]
[1247, 1809, 2020, 1355, 1685, 1849, 1457, 1622, 2040, 1269, 1953, 2158, 1192, 2169, 1807, 1619, 1571, 1986, 2251, 1509]
[19, 22, 47, 92, 23, 70, 26, 60, 18, 38, 45, 19, 57, 16, 28, 35, 26, 46, 53, 36]
[58, 70, 170, 252, 68, 206, 94, 208, 66, 112, 148, 56, 206, 48, 60, 116, 80, 144, 172, 112]
[1.21, 1.61, 8.54, 43.25, 1.24, 17.75, 1.93, 18.37, 1.28, 5.89, 7.79, 0.95, 12.84, 0.85, 1.4, 3.09, 1.54, 7.24, 15.3, 5.05]
[1.21, 1.61, 8.54, 43.34, 1.24, 17.75, 1.93, 18.37, 1.28, 5.89, 7.79, 0.95, 12.86, 0.85, 1.4, 3.09, 1.54, 7.24, 15.3, 5.05]
[1.21, 1.61, 8.54, 43.34, 1.24, 17.75, 1.93, 18.37, 1.28, 5.89, 7.79, 0.95, 12.86, 0.85, 1.4, 3.09, 1.54, 7.24, 15.3, 5.05]
[801, 53, 16, 262, 22, 2, 233, 497, 68, 328, 98, 54, 311, 54, 284, 332, 301, 79, 16, 250]
[12661, 6739, 6092, 10652, 6760, 5458, 10271, 11642, 7499, 11175, 8136, 7908, 11037, 6688, 9864, 10835, 10677, 7398, 6030, 10434]
[20.02, 9.54, 8.49, 16.23, 9.79, 7.62, 15.52, 18.09, 10.66, 16.51, 11.62, 11.16, 16.38, 9.49, 14.97, 16.23, 15.85, 10.64, 8.77, 17.03]
[20.03, 9.56, 8.5, 16.31, 9.77, 7.62, 15.52, 18.09, 10.66, 16.51, 11.61, 11.16, 16.4, 9.5, 14.97, 16.23, 15.85, 10.64, 8.77, 17.05]
[20.03, 9.56, 8.5, 16.31, 9.77, 7.62, 15.52, 18.09, 10.66, 16.51, 11.61, 11.16, 16.4, 9.5, 14.97, 16.23, 15.85, 10.64, 8.77, 17.05]
7.86, 7.86, 7.86
13.23, 13.24, 13.24
852.15, 1728.40, 38.80, 122.30, 203.05, 8897.80

