Size 11
[157, 170, 132, 137, 181, 168, 163, 181, 176, 145, 165, 146, 149, 141, 153, 175, 183, 165, 161, 183]
[544, 531, 515, 587, 420, 618, 551, 602, 451, 584, 522, 498, 642, 602, 619, 485, 519, 580, 514, 457]
[56, 64, 63, 57, 66, 55, 71, 63, 78, 60, 52, 62, 79, 57, 68, 63, 60, 73, 70, 74]
[177, 259, 215, 227, 233, 183, 219, 231, 277, 243, 193, 215, 273, 203, 231, 185, 187, 253, 221, 259]
[7.24, 13.05, 13.66, 11.3, 12.02, 7.79, 11.03, 11.51, 20.78, 12.34, 8.35, 14.03, 20.04, 10.38, 13.87, 11.99, 12.21, 13.73, 11.33, 14.14]
[7.23, 13.04, 13.65, 11.3, 12.01, 7.78, 11.02, 11.5, 20.77, 12.34, 8.35, 14.03, 20.03, 10.38, 13.9, 12.0, 12.21, 13.76, 11.37, 14.13]
[7.23, 13.04, 13.65, 11.3, 12.01, 7.78, 11.02, 11.5, 20.77, 12.34, 8.35, 14.03, 20.03, 10.38, 13.9, 12.0, 12.21, 13.76, 11.37, 14.13]
[157, 170, 132, 137, 181, 168, 163, 181, 176, 145, 165, 146, 149, 141, 153, 175, 183, 165, 161, 183]
[969, 948, 830, 938, 1193, 1092, 1042, 1124, 1204, 893, 1013, 1178, 950, 896, 957, 1133, 1106, 1023, 1055, 1201]
[1.3, 1.3, 1.11, 1.24, 1.58, 1.46, 1.41, 1.48, 1.59, 1.18, 1.35, 1.6, 1.29, 1.19, 1.25, 1.53, 1.46, 1.48, 1.41, 1.61]
[1.3, 1.3, 1.11, 1.24, 1.58, 1.46, 1.41, 1.48, 1.59, 1.18, 1.35, 1.6, 1.29, 1.19, 1.26, 1.53, 1.46, 1.48, 1.46, 1.61]
[1.3, 1.3, 1.11, 1.24, 1.58, 1.46, 1.41, 1.48, 1.59, 1.18, 1.35, 1.6, 1.29, 1.19, 1.26, 1.53, 1.46, 1.48, 1.46, 1.61]
12.54, 12.54, 12.54
1.39, 1.39, 1.39
161.55, 542.05, 64.55, 224.20, 161.55, 1037.25

Size 10
[94, 94, 90, 58, 82, 102, 90, 75, 58, 87, 82, 62, 115, 76, 78, 78, 87, 91, 79, 85]
[363, 295, 438, 253, 402, 251, 324, 391, 393, 331, 351, 412, 330, 341, 398, 360, 290, 427, 385, 363]
[44, 51, 50, 39, 43, 48, 50, 50, 30, 50, 32, 42, 59, 33, 47, 36, 40, 46, 51, 38]
[147, 161, 167, 133, 139, 141, 171, 185, 135, 161, 143, 173, 179, 141, 141, 121, 131, 161, 163, 135]
[3.77, 5.28, 5.46, 2.76, 3.74, 4.24, 4.83, 5.0, 2.0, 5.01, 2.32, 3.81, 5.09, 2.83, 3.83, 3.29, 3.3, 4.69, 3.95, 2.78]
[3.76, 5.28, 5.46, 2.76, 3.74, 4.24, 4.83, 5.0, 2.0, 5.01, 2.32, 3.81, 5.08, 2.83, 3.83, 3.29, 3.3, 4.69, 3.95, 2.78]
[3.76, 5.28, 5.46, 2.76, 3.74, 4.24, 4.83, 5.0, 2.0, 5.01, 2.32, 3.81, 5.08, 2.83, 3.83, 3.29, 3.3, 4.69, 3.95, 2.78]
[94, 94, 90, 58, 82, 102, 90, 75, 58, 87, 82, 62, 115, 76, 78, 78, 87, 91, 79, 85]
[449, 522, 385, 359, 433, 519, 453, 346, 361, 422, 489, 335, 507, 394, 448, 427, 480, 439, 407, 491]
[0.57, 0.67, 0.48, 0.46, 0.55, 0.65, 0.57, 0.43, 0.46, 0.55, 0.63, 0.42, 0.63, 0.49, 0.58, 0.54, 0.61, 0.55, 0.51, 0.63]
[0.57, 0.67, 0.48, 0.46, 0.55, 0.65, 0.57, 0.43, 0.46, 0.55, 0.63, 0.42, 0.63, 0.49, 0.58, 0.54, 0.61, 0.55, 0.51, 0.63]
[0.57, 0.67, 0.48, 0.46, 0.55, 0.65, 0.57, 0.43, 0.46, 0.55, 0.63, 0.42, 0.63, 0.49, 0.58, 0.54, 0.61, 0.55, 0.51, 0.63]
3.90, 3.90, 3.90
0.55, 0.55, 0.55
83.15, 354.90, 43.95, 151.40, 83.15, 433.30

Size 9
[46, 40, 39, 35, 11, 32, 29, 35, 33, 26, 38, 48, 43, 41, 57, 47, 42, 42, 36, 36]
[226, 223, 268, 268, 253, 274, 241, 282, 205, 227, 272, 274, 213, 240, 201, 228, 252, 254, 243, 243]
[28, 32, 22, 28, 20, 26, 17, 18, 23, 26, 19, 28, 29, 29, 31, 29, 26, 29, 22, 21]
[107, 149, 93, 95, 91, 103, 79, 69, 109, 91, 77, 107, 115, 107, 95, 113, 85, 107, 105, 111]
[1.26, 2.04, 1.12, 1.3, 1.01, 1.22, 0.9, 0.77, 1.38, 1.29, 0.94, 1.4, 1.8, 1.46, 1.38, 1.4, 1.15, 1.28, 1.26, 1.23]
[1.26, 2.04, 1.12, 1.3, 1.01, 1.22, 0.9, 0.77, 1.38, 1.29, 0.94, 1.4, 1.8, 1.46, 1.38, 1.4, 1.15, 1.28, 1.26, 1.23]
[1.26, 2.04, 1.12, 1.3, 1.01, 1.22, 0.9, 0.77, 1.38, 1.29, 0.94, 1.4, 1.8, 1.46, 1.38, 1.4, 1.15, 1.28, 1.26, 1.23]
[46, 40, 39, 35, 11, 32, 29, 35, 33, 26, 38, 48, 43, 41, 57, 47, 42, 42, 36, 36]
[212, 149, 173, 140, 40, 145, 126, 143, 156, 100, 139, 187, 175, 159, 210, 193, 183, 147, 168, 150]
[0.26, 0.18, 0.21, 0.17, 0.05, 0.18, 0.15, 0.17, 0.19, 0.12, 0.17, 0.22, 0.21, 0.19, 0.25, 0.23, 0.22, 0.17, 0.2, 0.18]
[0.26, 0.18, 0.21, 0.17, 0.05, 0.18, 0.15, 0.17, 0.19, 0.12, 0.17, 0.22, 0.21, 0.19, 0.25, 0.23, 0.22, 0.17, 0.2, 0.18]
[0.26, 0.18, 0.21, 0.17, 0.05, 0.18, 0.15, 0.17, 0.19, 0.12, 0.17, 0.22, 0.21, 0.19, 0.25, 0.23, 0.22, 0.17, 0.2, 0.18]
1.28, 1.28, 1.28
0.19, 0.19, 0.19
37.80, 244.35, 25.15, 100.40, 37.80, 154.75

Size 8
[9, 19, 21, 22, 22, 17, 9, 18, 32, 16, 17, 21, 13, 19, 15, 24, 21, 16, 14, 9]
[151, 152, 134, 128, 129, 142, 175, 122, 140, 153, 172, 161, 186, 132, 146, 167, 156, 168, 153, 164]
[10, 12, 16, 16, 16, 12, 8, 13, 20, 20, 14, 12, 10, 14, 14, 14, 14, 15, 18, 11]
[61, 67, 79, 57, 67, 85, 61, 69, 73, 79, 67, 57, 59, 73, 73, 61, 61, 83, 93, 71]
[0.44, 0.55, 0.7, 0.48, 0.59, 0.7, 0.43, 0.55, 0.72, 0.69, 0.53, 0.43, 0.39, 0.55, 0.66, 0.41, 0.45, 0.69, 0.83, 0.52]
[0.44, 0.55, 0.7, 0.48, 0.59, 0.7, 0.43, 0.55, 0.72, 0.69, 0.53, 0.43, 0.39, 0.55, 0.66, 0.41, 0.45, 0.69, 0.83, 0.52]
[0.44, 0.55, 0.7, 0.48, 0.59, 0.7, 0.43, 0.55, 0.72, 0.69, 0.53, 0.43, 0.39, 0.55, 0.66, 0.41, 0.45, 0.69, 0.83, 0.52]
[9, 19, 21, 22, 22, 17, 9, 18, 32, 16, 17, 21, 13, 19, 15, 24, 21, 16, 14, 9]
[29, 65, 62, 89, 76, 66, 30, 60, 100, 57, 63, 66, 39, 67, 55, 70, 74, 48, 53, 30]
[0.03, 0.08, 0.07, 0.1, 0.09, 0.08, 0.04, 0.07, 0.11, 0.07, 0.07, 0.07, 0.04, 0.08, 0.06, 0.08, 0.09, 0.05, 0.06, 0.04]
[0.03, 0.08, 0.07, 0.1, 0.09, 0.08, 0.04, 0.07, 0.11, 0.07, 0.07, 0.07, 0.04, 0.08, 0.06, 0.08, 0.09, 0.05, 0.06, 0.04]
[0.03, 0.08, 0.07, 0.1, 0.09, 0.08, 0.04, 0.07, 0.11, 0.07, 0.07, 0.07, 0.04, 0.08, 0.06, 0.08, 0.09, 0.05, 0.06, 0.04]
0.57, 0.57, 0.57
0.07, 0.07, 0.07
17.70, 151.55, 13.95, 69.80, 17.70, 59.95

Size 7
[9, 7, 11, 7, 14, 8, 7, 7, 7, 9, 7, 15, 11, 8, 7, 9, 13, 9, 8, 9]
[83, 90, 88, 114, 72, 81, 84, 104, 93, 80, 104, 84, 100, 103, 95, 87, 92, 102, 92, 99]
[6, 8, 6, 5, 11, 8, 8, 5, 11, 7, 6, 8, 5, 7, 6, 8, 8, 7, 7, 5]
[29, 47, 43, 43, 51, 51, 47, 29, 59, 37, 29, 37, 39, 39, 53, 49, 47, 45, 45, 47]
[0.16, 0.3, 0.24, 0.24, 0.33, 0.32, 0.27, 0.15, 0.35, 0.2, 0.15, 0.22, 0.19, 0.21, 0.3, 0.32, 0.3, 0.29, 0.26, 0.25]
[0.16, 0.3, 0.24, 0.24, 0.33, 0.32, 0.27, 0.15, 0.35, 0.2, 0.15, 0.22, 0.19, 0.21, 0.3, 0.32, 0.3, 0.29, 0.26, 0.25]
[0.16, 0.3, 0.24, 0.24, 0.33, 0.32, 0.27, 0.15, 0.35, 0.2, 0.15, 0.22, 0.19, 0.21, 0.3, 0.32, 0.3, 0.29, 0.26, 0.25]
[9, 7, 11, 7, 14, 8, 7, 7, 7, 9, 7, 15, 11, 8, 7, 9, 13, 9, 8, 9]
[23, 21, 29, 15, 37, 22, 21, 15, 21, 23, 15, 38, 29, 22, 21, 23, 37, 23, 28, 23]
[0.02, 0.02, 0.03, 0.02, 0.04, 0.02, 0.02, 0.02, 0.02, 0.03, 0.02, 0.04, 0.03, 0.02, 0.02, 0.02, 0.04, 0.02, 0.03, 0.02]
[0.02, 0.02, 0.03, 0.02, 0.04, 0.02, 0.02, 0.02, 0.02, 0.03, 0.02, 0.04, 0.03, 0.02, 0.02, 0.02, 0.04, 0.02, 0.03, 0.02]
[0.02, 0.02, 0.03, 0.02, 0.04, 0.02, 0.02, 0.02, 0.02, 0.03, 0.02, 0.04, 0.03, 0.02, 0.02, 0.02, 0.04, 0.02, 0.03, 0.02]
0.25, 0.25, 0.25
0.03, 0.03, 0.03
9.10, 92.35, 7.10, 43.30, 9.10, 24.30

Size 6
[6, 6, 6, 6, 6, 6, 6, 6, 6, 6, 6, 6, 6, 6, 6, 6, 6, 6, 6, 6]
[47, 43, 54, 54, 51, 52, 52, 54, 48, 51, 52, 56, 51, 51, 46, 50, 55, 51, 54, 51]
[3, 4, 5, 4, 4, 4, 4, 4, 4, 4, 5, 5, 4, 5, 4, 5, 5, 5, 5, 5]
[25, 23, 33, 31, 27, 29, 21, 25, 25, 33, 33, 27, 27, 39, 39, 29, 37, 29, 23, 33]
[0.11, 0.1, 0.16, 0.13, 0.11, 0.13, 0.08, 0.11, 0.1, 0.17, 0.14, 0.12, 0.15, 0.2, 0.17, 0.13, 0.16, 0.12, 0.1, 0.16]
[0.11, 0.1, 0.16, 0.13, 0.11, 0.13, 0.08, 0.11, 0.1, 0.17, 0.14, 0.12, 0.15, 0.2, 0.17, 0.13, 0.16, 0.12, 0.1, 0.16]
[0.11, 0.1, 0.16, 0.13, 0.11, 0.13, 0.08, 0.11, 0.1, 0.17, 0.14, 0.12, 0.15, 0.2, 0.17, 0.13, 0.16, 0.12, 0.1, 0.16]
[6, 6, 6, 6, 6, 6, 6, 6, 6, 6, 6, 6, 6, 6, 6, 6, 6, 6, 6, 6]
[13, 16, 13, 13, 13, 13, 13, 13, 13, 13, 13, 13, 13, 13, 13, 13, 13, 13, 13, 13]
[0.01, 0.02, 0.01, 0.01, 0.01, 0.01, 0.01, 0.01, 0.01, 0.01, 0.01, 0.01, 0.01, 0.01, 0.01, 0.01, 0.01, 0.01, 0.01, 0.01]
[0.01, 0.02, 0.01, 0.01, 0.01, 0.01, 0.01, 0.01, 0.01, 0.01, 0.01, 0.01, 0.01, 0.01, 0.01, 0.01, 0.01, 0.01, 0.01, 0.01]
[0.01, 0.02, 0.01, 0.01, 0.01, 0.01, 0.01, 0.01, 0.01, 0.01, 0.01, 0.01, 0.01, 0.01, 0.01, 0.01, 0.01, 0.01, 0.01, 0.01]
0.13, 0.13, 0.13
0.01, 0.01, 0.01
6.00, 51.15, 4.40, 29.40, 6.00, 13.15










Size 11
[193, 184, 184, 151, 152, 196, 175, 168, 138, 211, 165, 153, 197, 174, 214, 181, 182, 153, 177, 203]
[348, 326, 243, 344, 337, 273, 313, 397, 249, 331, 316, 329, 300, 337, 289, 302, 285, 319, 352, 247]
[61, 57, 54, 51, 45, 54, 46, 58, 37, 45, 57, 52, 58, 48, 63, 47, 46, 51, 56, 53]
[189, 165, 149, 151, 149, 159, 155, 171, 113, 149, 159, 183, 207, 163, 197, 135, 161, 157, 179, 183]
[7.18, 8.54, 6.46, 8.55, 8.36, 6.39, 5.59, 7.79, 3.38, 4.89, 8.3, 5.99, 12.65, 5.76, 9.8, 5.47, 6.31, 7.12, 11.17, 7.52]
[7.25, 8.57, 6.48, 8.6, 8.36, 6.39, 5.59, 7.79, 3.38, 4.89, 8.3, 5.99, 12.65, 5.76, 9.8, 5.47, 6.31, 7.12, 11.17, 7.52]
[7.25, 8.57, 6.48, 8.6, 8.36, 6.39, 5.59, 7.79, 3.38, 4.89, 8.3, 5.99, 12.65, 5.76, 9.8, 5.47, 6.31, 7.12, 11.17, 7.52]
[193, 184, 184, 151, 152, 196, 175, 168, 138, 211, 165, 153, 197, 174, 214, 181, 182, 153, 177, 203]
[1109, 1207, 1190, 1146, 1063, 1250, 1217, 1054, 935, 1224, 990, 966, 1305, 1143, 1249, 1148, 1242, 1106, 1127, 1199]
[1.41, 1.59, 1.63, 1.52, 1.41, 1.64, 1.61, 1.36, 1.21, 1.63, 1.27, 1.24, 1.71, 1.5, 1.59, 1.49, 1.61, 1.45, 1.45, 1.54]
[1.45, 1.59, 1.64, 1.53, 1.41, 1.63, 1.61, 1.36, 1.21, 1.63, 1.27, 1.24, 1.71, 1.5, 1.59, 1.49, 1.61, 1.45, 1.45, 1.54]
[1.45, 1.59, 1.64, 1.53, 1.41, 1.63, 1.61, 1.36, 1.21, 1.63, 1.27, 1.24, 1.71, 1.5, 1.59, 1.49, 1.61, 1.45, 1.45, 1.54]
7.36, 7.37, 7.37
1.49, 1.50, 1.50
177.55, 311.85, 51.95, 163.70, 177.55, 1143.50

Size 10
[99, 92, 92, 99, 49, 80, 107, 109, 80, 108, 80, 90, 93, 81, 83, 88, 72, 81, 79, 106]
[209, 129, 218, 235, 273, 217, 191, 224, 235, 281, 203, 210, 237, 203, 229, 277, 174, 198, 285, 243]
[37, 28, 31, 37, 22, 37, 27, 39, 29, 36, 29, 32, 35, 39, 27, 43, 35, 31, 49, 30]
[107, 109, 105, 127, 97, 125, 89, 129, 105, 111, 95, 117, 131, 127, 107, 151, 109, 127, 155, 105]
[2.61, 1.95, 2.31, 3.13, 1.32, 3.26, 1.36, 3.48, 1.96, 2.8, 1.69, 2.41, 2.65, 3.22, 1.72, 3.06, 1.91, 1.88, 4.55, 2.02]
[2.61, 1.95, 2.31, 3.13, 1.32, 3.26, 1.36, 3.48, 1.96, 2.8, 1.69, 2.41, 2.65, 3.22, 1.72, 3.06, 1.91, 1.88, 4.55, 2.02]
[2.61, 1.95, 2.31, 3.13, 1.32, 3.26, 1.36, 3.48, 1.96, 2.8, 1.69, 2.41, 2.65, 3.22, 1.72, 3.06, 1.91, 1.88, 4.55, 2.02]
[99, 92, 92, 99, 49, 80, 107, 109, 80, 108, 80, 90, 93, 81, 83, 88, 72, 81, 79, 106]
[529, 529, 424, 543, 273, 448, 518, 522, 402, 518, 399, 514, 501, 455, 451, 463, 413, 451, 403, 483]
[0.65, 0.66, 0.5, 0.66, 0.34, 0.55, 0.62, 0.63, 0.49, 0.63, 0.48, 0.64, 0.62, 0.56, 0.56, 0.57, 0.51, 0.56, 0.49, 0.58]
[0.65, 0.66, 0.5, 0.66, 0.34, 0.55, 0.62, 0.63, 0.49, 0.63, 0.48, 0.64, 0.62, 0.56, 0.56, 0.57, 0.51, 0.56, 0.49, 0.58]
[0.65, 0.66, 0.5, 0.66, 0.34, 0.55, 0.62, 0.63, 0.49, 0.63, 0.48, 0.64, 0.62, 0.56, 0.56, 0.57, 0.51, 0.56, 0.49, 0.58]
2.46, 2.46, 2.46
0.57, 0.57, 0.57
88.40, 223.55, 33.65, 116.40, 88.40, 461.95

Size 9
[40, 59, 47, 46, 43, 52, 54, 45, 48, 30, 28, 20, 24, 37, 39, 72, 40, 43, 51, 33]
[156, 124, 159, 148, 176, 150, 126, 168, 164, 135, 153, 206, 172, 202, 175, 138, 177, 182, 122, 179]
[18, 23, 23, 26, 20, 29, 25, 23, 23, 21, 19, 25, 15, 21, 26, 29, 21, 24, 31, 27]
[73, 69, 93, 105, 99, 97, 83, 77, 99, 71, 51, 97, 73, 75, 89, 97, 73, 81, 89, 105]
[0.82, 0.81, 1.18, 1.45, 1.06, 1.25, 1.17, 0.84, 1.01, 0.88, 0.5, 1.09, 0.58, 0.89, 1.37, 1.38, 0.73, 0.86, 1.22, 1.42]
[0.82, 0.81, 1.18, 1.45, 1.06, 1.25, 1.17, 0.84, 1.01, 0.88, 0.5, 1.09, 0.58, 0.89, 1.37, 1.38, 0.73, 0.86, 1.22, 1.42]
[0.82, 0.81, 1.18, 1.45, 1.06, 1.25, 1.17, 0.84, 1.01, 0.88, 0.5, 1.09, 0.58, 0.89, 1.37, 1.38, 0.73, 0.86, 1.22, 1.42]
[40, 59, 47, 46, 43, 52, 54, 45, 48, 30, 28, 20, 24, 37, 39, 72, 40, 43, 51, 33]
[173, 214, 185, 199, 181, 211, 226, 198, 173, 133, 94, 80, 80, 149, 177, 281, 169, 187, 214, 147]
[0.2, 0.24, 0.21, 0.23, 0.21, 0.24, 0.26, 0.23, 0.2, 0.16, 0.1, 0.09, 0.09, 0.17, 0.21, 0.32, 0.2, 0.22, 0.25, 0.17]
[0.2, 0.24, 0.21, 0.23, 0.21, 0.24, 0.26, 0.23, 0.2, 0.16, 0.1, 0.09, 0.09, 0.17, 0.21, 0.32, 0.2, 0.22, 0.25, 0.17]
[0.2, 0.24, 0.21, 0.23, 0.21, 0.24, 0.26, 0.23, 0.2, 0.16, 0.1, 0.09, 0.09, 0.17, 0.21, 0.32, 0.2, 0.22, 0.25, 0.17]
1.03, 1.03, 1.03
0.20, 0.20, 0.20
42.55, 160.60, 23.45, 84.80, 42.55, 173.55

Size 8
[28, 30, 24, 12, 24, 18, 20, 34, 23, 20, 17, 24, 23, 17, 13, 20, 15, 18, 26, 24]
[98, 72, 114, 104, 96, 138, 85, 87, 108, 115, 117, 79, 107, 133, 76, 98, 72, 74, 108, 94]
[18, 11, 15, 14, 16, 15, 16, 19, 17, 22, 18, 13, 18, 11, 12, 12, 21, 15, 15, 15]
[79, 45, 73, 61, 53, 67, 67, 67, 57, 83, 71, 51, 69, 53, 37, 59, 59, 53, 61, 75]
[0.71, 0.31, 0.58, 0.54, 0.43, 0.49, 0.56, 0.61, 0.48, 0.74, 0.58, 0.35, 0.59, 0.36, 0.24, 0.43, 0.48, 0.4, 0.54, 0.58]
[0.71, 0.31, 0.58, 0.54, 0.43, 0.49, 0.56, 0.61, 0.48, 0.74, 0.58, 0.35, 0.59, 0.36, 0.24, 0.43, 0.48, 0.4, 0.54, 0.58]
[0.71, 0.31, 0.58, 0.54, 0.43, 0.49, 0.56, 0.61, 0.48, 0.74, 0.58, 0.35, 0.59, 0.36, 0.24, 0.43, 0.48, 0.4, 0.54, 0.58]
[28, 30, 24, 12, 24, 18, 20, 34, 23, 20, 17, 24, 23, 17, 13, 20, 15, 18, 26, 24]
[89, 109, 82, 44, 90, 56, 61, 108, 79, 65, 63, 82, 82, 49, 45, 70, 47, 68, 87, 76]
[0.1, 0.12, 0.09, 0.05, 0.1, 0.06, 0.06, 0.11, 0.09, 0.07, 0.07, 0.09, 0.09, 0.05, 0.05, 0.08, 0.05, 0.08, 0.1, 0.08]
[0.1, 0.12, 0.09, 0.05, 0.1, 0.06, 0.06, 0.11, 0.09, 0.07, 0.07, 0.09, 0.09, 0.05, 0.05, 0.08, 0.05, 0.08, 0.1, 0.08]
[0.1, 0.12, 0.09, 0.05, 0.1, 0.06, 0.06, 0.11, 0.09, 0.07, 0.07, 0.09, 0.09, 0.05, 0.05, 0.08, 0.05, 0.08, 0.1, 0.08]
0.50, 0.50, 0.50
0.08, 0.08, 0.08
21.50, 98.75, 15.65, 62.00, 21.50, 72.60

Size 7
[16, 8, 7, 7, 7, 8, 12, 8, 19, 7, 9, 7, 17, 8, 10, 12, 7, 13, 11, 7]
[65, 54, 61, 83, 87, 61, 64, 78, 66, 65, 69, 91, 58, 71, 69, 58, 61, 59, 61, 85]
[12, 11, 6, 8, 5, 10, 13, 6, 12, 9, 9, 6, 8, 8, 7, 11, 7, 13, 9, 5]
[43, 37, 31, 43, 31, 43, 35, 31, 51, 41, 37, 33, 33, 29, 41, 45, 37, 37, 31, 43]
[0.24, 0.23, 0.14, 0.24, 0.15, 0.28, 0.2, 0.15, 0.33, 0.23, 0.2, 0.14, 0.2, 0.15, 0.2, 0.29, 0.2, 0.24, 0.17, 0.25]
[0.24, 0.23, 0.14, 0.24, 0.15, 0.28, 0.2, 0.15, 0.33, 0.23, 0.2, 0.14, 0.2, 0.15, 0.2, 0.29, 0.2, 0.24, 0.17, 0.25]
[0.24, 0.23, 0.14, 0.24, 0.15, 0.28, 0.2, 0.15, 0.33, 0.23, 0.2, 0.14, 0.2, 0.15, 0.2, 0.29, 0.2, 0.24, 0.17, 0.25]
[16, 8, 7, 7, 7, 8, 12, 8, 19, 7, 9, 7, 17, 8, 10, 12, 7, 13, 11, 7]
[39, 22, 15, 18, 15, 26, 30, 22, 48, 27, 27, 21, 47, 22, 28, 30, 21, 36, 29, 15]
[0.04, 0.02, 0.01, 0.02, 0.01, 0.03, 0.03, 0.02, 0.05, 0.03, 0.03, 0.02, 0.05, 0.02, 0.03, 0.03, 0.02, 0.04, 0.03, 0.01]
[0.04, 0.02, 0.01, 0.02, 0.01, 0.03, 0.03, 0.02, 0.05, 0.03, 0.03, 0.02, 0.05, 0.02, 0.03, 0.03, 0.02, 0.04, 0.03, 0.01]
[0.04, 0.02, 0.01, 0.02, 0.01, 0.03, 0.03, 0.02, 0.05, 0.03, 0.03, 0.02, 0.05, 0.02, 0.03, 0.03, 0.02, 0.04, 0.03, 0.01]
0.21, 0.21, 0.21
0.03, 0.03, 0.03
10.00, 68.30, 8.75, 37.60, 10.00, 26.90

Size 6
[6, 6, 6, 6, 6, 6, 6, 6, 6, 6, 6, 6, 6, 6, 6, 6, 6, 6, 6, 6]
[36, 44, 41, 42, 45, 37, 40, 44, 45, 53, 42, 47, 38, 41, 46, 42, 47, 44, 39, 42]
[7, 5, 4, 5, 4, 7, 5, 5, 4, 4, 4, 4, 4, 4, 3, 5, 4, 3, 4, 5]
[29, 27, 25, 35, 17, 27, 35, 35, 25, 25, 23, 23, 27, 27, 23, 33, 23, 19, 25, 17]
[0.12, 0.13, 0.11, 0.16, 0.07, 0.11, 0.14, 0.17, 0.11, 0.1, 0.09, 0.09, 0.12, 0.13, 0.08, 0.15, 0.11, 0.08, 0.1, 0.06]
[0.12, 0.13, 0.11, 0.16, 0.07, 0.11, 0.14, 0.17, 0.11, 0.1, 0.09, 0.09, 0.12, 0.13, 0.08, 0.15, 0.11, 0.08, 0.1, 0.06]
[0.12, 0.13, 0.11, 0.16, 0.07, 0.11, 0.14, 0.17, 0.11, 0.1, 0.09, 0.09, 0.12, 0.13, 0.08, 0.15, 0.11, 0.08, 0.1, 0.06]
[6, 6, 6, 6, 6, 6, 6, 6, 6, 6, 6, 6, 6, 6, 6, 6, 6, 6, 6, 6]
[13, 13, 13, 13, 13, 13, 13, 13, 13, 13, 13, 13, 13, 13, 13, 13, 13, 13, 13, 13]
[0.01, 0.01, 0.01, 0.01, 0.01, 0.01, 0.01, 0.01, 0.01, 0.01, 0.01, 0.01, 0.01, 0.01, 0.01, 0.01, 0.01, 0.01, 0.01, 0.01]
[0.01, 0.01, 0.01, 0.01, 0.01, 0.01, 0.01, 0.01, 0.01, 0.01, 0.01, 0.01, 0.01, 0.01, 0.01, 0.01, 0.01, 0.01, 0.01, 0.01]
[0.01, 0.01, 0.01, 0.01, 0.01, 0.01, 0.01, 0.01, 0.01, 0.01, 0.01, 0.01, 0.01, 0.01, 0.01, 0.01, 0.01, 0.01, 0.01, 0.01]
0.11, 0.11, 0.11
0.01, 0.01, 0.01
6.00, 42.75, 4.50, 26.00, 6.00, 13.00

Size 5
[5, 5, 5, 5, 5, 5, 5, 5, 5, 5, 5, 5, 5, 5, 5, 5, 5, 5, 5, 5]
[24, 25, 24, 23, 24, 25, 26, 24, 25, 23, 21, 22, 25, 23, 23, 25, 24, 24, 16, 26]
[4, 4, 4, 3, 3, 4, 4, 4, 4, 3, 3, 3, 3, 4, 3, 4, 4, 3, 3, 4]
[17, 13, 21, 17, 19, 21, 21, 11, 21, 19, 17, 17, 13, 19, 17, 17, 21, 19, 19, 15]
[0.06, 0.03, 0.07, 0.05, 0.06, 0.06, 0.07, 0.04, 0.06, 0.06, 0.06, 0.06, 0.04, 0.08, 0.06, 0.06, 0.07, 0.07, 0.06, 0.05]
[0.06, 0.03, 0.07, 0.05, 0.06, 0.06, 0.07, 0.04, 0.06, 0.06, 0.06, 0.06, 0.04, 0.08, 0.06, 0.06, 0.07, 0.07, 0.06, 0.05]
[0.06, 0.03, 0.07, 0.05, 0.06, 0.06, 0.07, 0.04, 0.06, 0.06, 0.06, 0.06, 0.04, 0.08, 0.06, 0.06, 0.07, 0.07, 0.06, 0.05]
[5, 5, 5, 5, 5, 5, 5, 5, 5, 5, 5, 5, 5, 5, 5, 5, 5, 5, 5, 5]
[11, 11, 11, 11, 11, 11, 11, 11, 11, 11, 11, 11, 11, 11, 11, 11, 11, 11, 11, 11]
[0.01, 0.01, 0.01, 0.01, 0.01, 0.01, 0.01, 0.01, 0.01, 0.01, 0.01, 0.01, 0.01, 0.01, 0.01, 0.01, 0.01, 0.01, 0.01, 0.01]
[0.01, 0.01, 0.01, 0.01, 0.01, 0.01, 0.01, 0.01, 0.01, 0.01, 0.01, 0.01, 0.01, 0.01, 0.01, 0.01, 0.01, 0.01, 0.01, 0.01]
[0.01, 0.01, 0.01, 0.01, 0.01, 0.01, 0.01, 0.01, 0.01, 0.01, 0.01, 0.01, 0.01, 0.01, 0.01, 0.01, 0.01, 0.01, 0.01, 0.01]
0.06, 0.06, 0.06
0.01, 0.01, 0.01
5.00, 23.60, 3.55, 17.70, 5.00, 11.00

